chrom	chrompos	t4c1	t4c2	t4c3	t4c4	t4c5	t4c6	t4c7	t4c8	t4c9	t4c11	t4c12	t4c13	t4c14	t4c15	t4c16	t4c17	t4c18	t4c19	t4c20	t4c21	t4c22	t4c23	t4c24	t4c25	t4c26	t4c27	t4c28	t4c29	t4c30	t4c31	t4c32	t4c33	t4c34	t4c35	t4c36	t4c37	t4c38	t4c39	t4c40	t4c41	t4c42	t4c43	t4c44	t4c45	t4c46	t4c47	t4c48	t4c49	t4c50	t4c51	t4c52	t4c53
7	1442131	2	2	2	2	2	2	2	2	2	3	2	3	2	3	3	2	2	2	3	1	3	2	3	3	2	2	2	2	3	2	3	2	2	2	2	3	3	3	2	3	2	2	2	2	2	3	2	2	2	2	2	2
7	9450325	2	2	2	2	2	2	2	2	2	3	2	3	2	2	3	2	2	2	3	1	3	2	3	3	2	2	2	2	3	2	3	2	2	2	2	3	3	3	2	3	2	2	2	2	2	3	2	2	2	2	2	2
7	11214368	2	2	2	2	2	2	2	2	2	3	2	3	2	2	3	2	2	2	3	1	3	2	3	3	2	2	2	2	3	2	2	2	2	2	2	3	3	3	2	3	2	2	2	2	2	3	2	2	2	2	2	2
7	13376650	2	2	2	2	2	2	2	2	2	3	2	3	2	2	3	2	2	2	3	1	3	2	3	3	2	2	2	2	3	2	2	2	2	2	2	3	3	3	2	3	2	2	2	2	2	3	2	2	2	2	2	2
7	20279741	2	2	2	2	2	2	2	2	2	3	2	3	2	2	3	2	2	2	3	1	3	2	3	3	2	2	2	2	3	2	2	2	2	2	2	3	3	3	2	3	2	2	2	2	2	2	2	2	2	2	2	2
7	20712518	2	2	2	2	2	2	2	2	2	3	2	3	2	2	3	2	2	2	3	1	3	2	3	3	2	2	2	2	3	2	2	2	2	2	2	3	3	3	2	3	2	2	2	2	2	2	2	2	2	2	2	2
7	21585891	2	2	2	2	2	2	2	2	2	3	2	3	2	2	3	2	2	2	3	2	3	2	3	3	2	2	2	2	3	2	2	2	2	2	2	3	3	3	2	3	2	2	2	2	2	2	2	2	2	2	2	2
7	22016696	2	2	2	2	2	2	2	2	2	3	2	3	2	2	3	2	2	2	3	2	3	2	3	3	2	2	2	2	3	2	2	2	2	2	2	3	3	3	2	3	2	2	2	2	2	2	2	2	2	2	2	2
7	25386457	2	2	2	2	2	2	2	2	2	3	2	3	2	3	3	2	2	2	2	2	3	2	2	3	2	2	2	2	3	2	2	2	2	2	2	3	3	3	2	3	2	2	2	2	2	2	2	2	2	2	2	2
7	31068824	2	2	2	2	2	2	2	2	2	3	2	3	2	2	3	2	2	2	2	2	3	2	2	3	2	2	2	3	3	2	2	2	2	2	2	3	3	3	2	3	2	2	2	2	2	2	2	2	2	2	2	2
7	31492544	2	2	2	2	2	2	2	2	2	3	2	3	2	2	3	2	2	2	2	2	3	2	2	3	2	2	2	3	3	2	2	2	2	2	2	3	3	3	2	3	2	2	2	2	2	2	2	2	2	2	2	2
7	32919262	2	2	2	2	2	2	2	2	2	3	2	3	2	2	3	2	2	3	2	2	3	2	2	3	2	2	2	3	3	2	2	2	2	2	2	2	3	3	2	3	2	2	2	2	2	2	2	2	2	2	2	2
7	33620856	2	2	2	2	2	2	2	2	2	3	2	3	2	2	3	2	2	3	2	2	3	2	2	3	2	2	2	3	3	2	2	2	2	2	2	2	3	3	2	3	2	2	2	2	2	2	2	2	2	2	2	2
7	43407374	2	2	2	2	2	2	2	2	2	3	2	3	2	2	3	2	2	3	2	2	3	2	2	3	2	2	2	3	2	2	2	3	2	2	2	3	3	3	2	3	2	2	2	2	2	2	2	2	2	2	2	2
7	43854174	2	2	2	2	2	2	2	2	2	3	2	3	2	2	3	2	2	3	2	2	3	2	3	3	2	2	2	3	2	2	2	3	2	2	2	3	3	3	2	3	2	2	2	2	2	2	2	2	2	2	2	2
7	44142128	2	2	2	2	2	2	2	2	2	3	2	3	2	2	3	2	2	3	2	2	3	2	3	3	2	2	2	3	2	2	2	3	2	2	2	3	3	3	2	3	2	2	2	2	2	2	2	2	2	2	2	2
7	46003236	2	2	2	2	2	2	2	2	2	3	2	3	2	2	3	2	2	3	2	2	3	2	3	3	2	2	2	3	2	2	2	3	2	2	2	3	3	3	2	3	2	2	2	2	2	2	2	2	2	2	2	2
7	52584397	2	2	2	2	2	2	2	2	2	3	2	3	2	2	3	2	2	3	3	2	3	2	3	3	2	2	2	3	2	2	2	2	2	2	2	3	3	3	2	3	2	2	2	2	2	2	2	2	2	2	2	2
7	62189671	2	2	2	2	2	2	2	2	2	3	2	3	2	3	3	2	3	3	3	2	3	2	3	3	2	3	2	3	1	3	2	3	2	2	2	3	3	3	4	3	2	3	1	3	2	3	2	2	2	2	2	2
7	65263325	2	2	2	2	2	2	2	2	2	3	2	3	2	3	3	2	3	3	3	2	3	2	3	3	2	3	2	3	1	3	3	3	3	2	2	3	3	3	4	3	2	3	1	3	2	3	2	2	2	2	2	3
7	67678007	2	2	2	2	2	2	2	2	2	3	2	3	2	2	3	2	3	3	3	2	3	2	3	3	2	3	2	3	2	3	3	3	3	2	2	3	3	3	4	3	2	3	2	3	2	3	2	2	2	2	2	3
7	68818400	2	2	2	2	2	2	2	2	2	3	2	3	2	2	3	2	3	3	3	2	3	2	3	3	2	3	2	3	2	3	3	3	3	2	2	2	3	3	4	3	2	3	2	3	2	3	2	2	2	2	2	3
7	78571269	2	2	2	2	2	2	2	2	2	3	2	3	2	2	3	2	3	2	3	2	2	2	3	3	2	2	2	3	2	2	2	3	2	2	2	2	3	3	2	3	2	2	2	2	2	3	2	2	2	2	2	2
7	81367105	2	2	2	2	2	2	2	2	2	3	2	3	2	2	1	2	3	2	3	2	2	2	3	3	2	2	2	3	2	2	2	3	2	2	2	3	3	3	2	3	2	2	2	2	2	3	2	2	2	2	2	2
7	83515136	2	2	2	2	2	2	2	2	2	3	2	3	2	2	1	2	3	2	3	2	2	2	3	3	2	2	2	3	2	2	2	3	2	2	2	3	3	3	2	3	2	2	2	2	2	3	2	2	2	2	2	2
7	89402877	2	2	2	2	2	2	2	2	2	3	2	3	2	2	3	2	3	2	3	2	2	2	3	3	2	2	2	3	2	3	2	3	2	2	2	3	3	3	2	3	2	2	2	2	2	3	2	2	2	2	2	2
7	94302101	2	2	2	2	2	2	2	2	2	3	2	3	2	2	3	2	3	3	3	2	3	2	3	3	2	2	2	3	2	3	2	3	2	2	2	3	3	3	2	3	2	2	2	2	2	3	2	2	2	2	2	2
7	97186682	2	2	2	2	2	2	2	2	2	3	2	3	2	2	3	2	3	3	3	2	3	2	3	3	3	2	2	3	2	3	2	3	3	2	2	3	3	3	1	3	2	2	2	3	2	1	2	2	2	2	2	2
7	99145316	2	2	2	2	2	2	2	2	2	3	2	3	2	2	3	2	3	3	3	2	3	2	3	3	3	2	2	3	2	3	2	3	3	2	2	3	3	3	1	3	2	2	1	3	2	1	2	2	2	2	2	2
7	103267181	2	2	2	2	2	2	2	2	2	3	2	3	2	2	3	2	2	3	3	2	3	2	3	3	3	2	2	3	2	3	2	3	3	2	2	3	3	3	2	3	2	2	2	3	2	3	2	2	2	2	2	2
7	103934873	2	2	2	2	2	2	2	2	2	3	2	3	2	2	3	2	2	3	3	2	3	2	3	3	3	2	2	3	2	3	2	3	3	2	2	3	3	3	2	3	2	2	2	2	2	3	2	2	2	2	2	2
7	105534938	2	2	2	2	2	2	2	2	2	3	2	3	2	2	3	2	2	3	3	2	3	2	3	3	3	2	2	3	2	3	2	3	3	2	2	3	3	3	2	3	2	2	2	2	2	3	2	2	2	2	2	2
7	108421090	2	2	2	2	2	2	2	2	2	3	2	3	2	2	3	2	2	3	3	2	3	2	3	3	3	2	2	3	2	3	2	3	3	2	2	3	3	3	2	3	2	2	2	2	2	3	2	2	2	2	2	2
7	111046828	2	2	2	2	2	2	2	2	2	3	2	3	2	2	3	2	2	3	3	2	2	2	3	3	3	2	2	3	2	3	2	3	2	2	2	3	3	3	2	3	2	2	2	2	2	3	2	2	2	2	2	2
7	114138248	2	2	2	2	2	2	2	2	2	3	2	3	2	2	3	2	2	3	3	2	2	2	3	3	3	2	2	3	2	3	2	3	2	2	2	3	3	3	2	3	2	2	2	2	2	3	2	2	2	2	2	2
7	114989526	2	2	2	2	2	2	2	2	2	3	2	3	2	2	3	2	2	3	3	2	2	2	3	3	3	2	2	3	2	3	2	3	2	2	2	3	3	3	2	3	2	2	2	2	2	3	2	2	2	2	2	2
7	119933346	2	2	2	2	2	2	2	2	2	3	2	3	2	2	3	2	2	3	2	2	2	2	3	3	3	2	2	3	2	3	2	3	2	2	2	3	3	3	2	3	2	2	2	2	2	3	2	2	2	2	2	2
7	124916230	2	2	2	2	2	2	2	2	2	3	3	3	2	2	3	2	2	3	2	2	2	2	3	3	3	2	1	3	2	3	2	2	2	2	2	2	3	3	2	3	2	2	2	2	2	3	2	2	2	2	2	2
7	125772649	2	2	2	2	2	2	2	2	2	3	3	3	2	2	3	2	2	3	2	2	2	2	3	3	3	2	1	3	2	3	2	2	2	2	2	2	3	3	2	3	2	2	2	2	2	3	2	2	2	2	2	2
7	126199063	2	2	2	2	2	2	2	2	2	3	3	3	2	2	3	2	2	2	2	2	2	2	3	3	3	2	1	3	2	3	2	2	2	2	2	2	3	3	2	3	2	2	2	2	2	3	2	2	2	2	2	2
7	135629456	2	2	2	2	2	2	2	2	2	3	3	3	2	2	3	2	2	2	3	2	3	2	2	2	2	2	2	3	2	2	2	2	2	2	2	2	3	3	2	3	2	2	2	2	2	3	2	2	2	2	2	2
7	140852004	2	2	2	2	2	2	2	2	2	3	3	3	2	2	3	2	2	2	3	2	3	2	2	3	2	2	2	3	2	3	2	2	2	2	2	2	3	3	2	3	2	2	2	2	2	3	2	2	2	2	2	2
7	144983959	2	2	2	2	2	2	2	2	2	3	3	3	2	2	3	2	2	2	3	2	3	2	2	3	2	2	2	3	3	3	2	2	3	2	2	2	3	3	2	3	2	2	2	2	2	3	2	2	2	2	2	2
7	147166986	2	2	2	2	2	2	2	2	2	3	3	3	2	2	3	2	2	2	3	2	3	2	2	3	2	2	2	3	3	3	2	2	3	2	2	2	3	3	2	3	2	2	2	2	2	3	2	2	2	2	2	2
7	147382874	2	2	2	2	2	2	2	2	2	3	3	3	2	2	3	2	2	2	3	2	3	2	2	3	2	2	2	3	3	3	2	2	3	2	2	2	3	3	2	3	2	2	2	2	2	3	2	2	2	2	2	2
7	147824892	2	2	2	2	2	2	2	2	2	3	3	3	2	2	3	2	2	2	3	2	3	2	2	3	2	2	2	3	3	3	2	2	3	2	2	2	3	3	2	3	2	2	2	2	2	3	2	2	2	2	2	2
7	148277194	2	2	2	2	2	2	2	2	2	3	3	3	2	2	3	2	2	2	3	2	3	2	2	3	2	2	2	3	3	3	2	2	3	2	2	2	3	3	2	3	2	2	2	2	2	3	2	2	2	2	2	2
7	151684207	2	2	2	2	2	2	2	2	2	3	3	3	2	2	3	2	2	2	3	2	3	2	2	3	2	2	2	3	3	3	2	2	3	2	2	2	3	3	2	3	2	2	2	2	2	3	2	2	2	2	2	2
7	154573031	2	2	2	2	2	2	2	2	2	3	1	3	2	2	3	2	2	2	3	1	3	2	2	3	2	2	1	2	3	3	2	2	3	2	2	2	3	3	2	3	2	2	2	2	2	3	2	2	2	2	2	2
7	156947501	2	2	2	2	2	2	2	2	2	3	1	3	2	2	3	2	2	2	3	1	3	2	2	2	2	2	1	2	3	2	2	2	3	2	2	2	3	3	2	3	2	2	2	2	2	3	2	2	2	2	2	2
10	13929871	1	2	2	2	2	2	2	2	2	1	1	1	1	2	1	1	1	1	2	1	1	1	1	1	2	1	1	1	2	2	1	1	1	1	1	1	1	1	1	1	1	1	1	1	1	1	1	2	2	2	2	1
10	17482138	1	2	2	2	2	2	2	2	2	1	1	1	1	2	1	1	1	1	2	1	1	1	1	1	2	1	1	1	2	2	1	1	1	1	1	1	1	1	1	1	1	1	1	1	1	1	1	2	2	2	2	1
10	23038973	1	2	2	2	2	2	2	2	2	1	1	1	1	2	1	1	1	1	2	1	1	1	1	1	2	1	1	1	2	2	1	1	1	1	1	1	1	1	1	1	1	1	1	1	1	1	1	2	2	2	2	1
10	27790906	1	2	2	2	2	2	2	2	2	1	1	1	1	2	1	1	1	1	2	1	1	1	1	1	2	1	1	1	2	2	1	1	1	1	1	1	1	1	1	1	1	1	1	1	1	1	1	2	2	2	2	1
10	28007837	1	2	2	2	2	2	2	2	2	1	1	1	1	2	1	1	1	1	2	1	1	1	1	1	2	1	1	1	2	2	1	1	1	1	1	1	1	1	1	1	1	1	1	1	1	1	1	2	2	2	2	1
10	32053366	1	2	2	2	2	2	2	2	2	1	1	1	1	2	1	1	2	1	2	1	1	1	1	1	2	1	1	1	2	2	2	1	1	1	1	1	1	1	1	1	1	1	1	1	1	1	1	2	2	2	2	1
10	32741013	1	2	2	2	2	2	2	2	2	1	1	1	1	2	1	1	2	1	2	1	1	1	1	1	2	1	1	1	2	2	2	1	1	1	1	1	1	1	1	1	1	1	1	1	1	1	1	2	2	2	2	1
10	33241644	1	2	2	2	2	2	2	2	2	1	1	1	1	2	1	1	2	1	2	1	1	1	1	1	2	1	1	1	2	2	2	1	1	1	1	1	1	1	1	1	1	1	1	1	1	1	1	2	2	2	2	1
10	38000333	1	2	2	2	2	2	2	2	2	1	1	1	1	2	1	1	2	1	2	1	1	1	1	1	2	1	1	1	2	2	2	1	1	2	1	1	1	1	1	1	1	1	1	1	1	1	1	2	2	2	2	1
10	42919625	1	2	2	2	2	2	2	2	2	1	1	1	1	2	1	1	2	1	2	1	1	1	1	1	2	1	1	1	2	2	2	1	1	2	1	1	1	1	1	1	1	1	1	1	1	1	1	2	2	2	2	1
10	53244584	1	2	2	2	2	2	2	2	2	1	1	1	1	2	1	1	2	1	2	1	1	1	1	1	2	1	1	1	2	2	2	1	1	2	1	1	1	1	1	1	1	1	1	1	1	1	1	2	2	2	2	1
10	53460078	1	2	2	2	2	2	2	2	2	1	1	1	1	2	1	1	2	1	2	1	1	1	1	1	2	1	1	1	2	2	2	1	1	2	1	1	1	1	1	1	1	1	1	1	1	1	1	2	2	2	2	1
10	54329691	1	2	2	2	2	2	2	2	2	1	1	1	1	2	1	1	2	1	2	1	1	1	1	1	2	1	1	1	2	2	2	1	1	2	1	1	1	1	1	1	1	1	1	1	1	1	1	2	2	2	2	1
10	55638959	1	2	2	2	2	2	2	2	2	1	1	1	1	2	1	1	2	1	2	1	1	1	1	1	2	1	1	1	2	2	2	1	1	2	1	1	1	1	1	1	1	1	1	1	1	1	1	2	2	2	2	1
10	56724658	1	2	2	2	2	2	2	2	2	1	1	1	1	2	1	1	2	1	2	1	1	1	1	1	2	1	1	1	2	2	2	1	1	2	1	1	1	1	1	1	1	1	1	1	1	1	1	2	2	2	2	1
10	58248591	1	2	2	2	2	2	2	2	2	1	1	1	1	2	1	1	2	1	2	1	1	1	1	1	2	1	1	1	2	2	2	1	1	2	1	1	1	1	1	1	1	1	1	1	1	1	1	2	2	2	2	1
10	59768236	1	2	2	2	2	2	2	2	2	1	1	1	1	2	1	1	2	1	2	1	1	1	1	1	2	1	1	1	2	2	1	1	1	2	1	1	1	1	1	1	1	1	1	1	1	1	1	2	2	2	2	1
10	63452189	1	2	2	2	2	2	2	2	2	1	1	1	1	2	1	1	2	1	2	1	1	1	1	1	2	1	1	1	2	2	1	1	1	2	1	1	1	1	1	1	1	1	1	1	1	1	1	2	2	2	2	1
10	64525295	1	2	2	2	2	2	2	2	2	1	1	1	1	2	1	1	2	1	2	1	1	1	1	1	2	1	1	1	2	2	1	1	1	2	1	1	1	1	1	1	1	1	1	1	1	1	1	2	2	2	2	1
10	66303923	1	2	2	2	2	2	2	2	2	1	1	1	1	2	1	1	2	1	2	1	1	1	1	1	2	1	1	1	2	2	1	1	1	2	1	1	1	1	1	1	1	1	1	1	1	1	1	2	2	2	2	1
10	68034399	1	2	2	2	2	2	2	2	2	1	1	1	1	2	1	1	2	1	2	1	1	1	1	1	2	1	1	1	2	2	2	1	1	2	1	1	1	1	1	1	1	1	1	1	1	1	1	2	2	2	2	1
10	71480987	1	2	2	2	2	2	2	2	2	1	1	1	1	1	1	1	2	1	2	1	1	1	1	1	2	1	1	1	1	2	2	1	1	2	1	1	1	1	1	1	1	1	1	1	1	1	1	2	2	2	2	1
10	72994037	1	2	2	2	2	2	2	2	2	1	1	1	1	1	1	1	2	1	2	1	1	1	1	1	2	1	1	1	1	2	2	1	1	2	1	1	1	1	1	1	1	1	1	1	1	1	1	2	2	2	2	1
10	74791121	1	2	2	2	2	2	2	2	2	1	1	1	1	1	1	1	2	1	2	1	1	1	1	1	2	1	1	1	1	2	2	1	1	2	1	1	1	1	1	1	1	1	1	1	1	1	1	2	2	2	2	1
10	75257905	1	2	2	2	2	2	2	2	2	1	1	1	1	1	1	1	2	1	2	1	1	1	1	1	2	1	1	1	1	2	2	1	1	2	1	1	1	1	1	1	1	1	1	1	1	1	1	2	2	2	2	1
10	75999391	1	2	2	2	2	2	2	2	2	1	1	1	1	1	1	1	2	1	2	1	1	1	1	1	2	1	1	1	1	2	2	1	1	2	1	1	1	1	1	1	1	1	1	1	1	1	1	2	2	2	2	1
10	78190920	1	2	2	2	2	2	2	2	2	1	1	1	1	2	1	1	2	1	2	1	1	1	1	1	2	1	1	1	1	2	2	1	1	2	1	1	1	1	1	1	1	1	1	1	1	1	1	2	2	2	2	1
10	78843317	1	2	2	2	2	2	2	2	2	1	1	1	1	2	1	1	2	1	2	1	1	1	1	1	2	1	1	1	1	2	2	1	1	2	1	1	1	1	1	1	1	1	1	1	1	0	1	2	2	2	2	1
10	79693923	1	2	2	2	2	2	2	2	2	1	1	1	1	2	1	1	2	1	2	1	1	1	1	1	2	1	1	1	1	2	2	1	1	2	1	1	1	1	1	1	1	1	1	1	1	0	1	2	2	2	2	1
10	80555698	1	2	2	2	2	2	2	2	2	1	1	1	1	2	1	1	2	1	2	1	1	1	1	1	2	1	1	1	1	2	2	1	1	2	1	1	1	1	1	1	1	1	1	1	1	0	1	2	2	2	2	1
10	81865217	1	2	2	2	2	2	2	2	2	1	1	1	1	2	1	1	2	1	2	1	1	1	1	1	2	1	1	1	2	2	2	1	1	2	1	1	1	1	1	1	1	1	1	1	1	0	1	2	2	2	2	1
10	84094631	1	2	2	2	2	2	2	2	2	1	1	1	1	2	1	1	2	1	2	1	1	1	1	1	2	1	1	1	2	2	2	1	1	2	1	1	1	1	1	1	1	1	1	1	1	0	1	2	2	2	2	1
10	85818835	1	2	2	2	2	2	2	2	2	1	1	1	1	2	1	1	2	1	2	1	1	1	1	1	2	1	1	1	2	2	2	1	1	2	1	1	1	1	1	1	1	1	1	1	1	0	1	2	2	2	2	1
10	86270947	1	2	2	2	2	2	2	2	2	1	1	1	1	2	1	1	2	1	2	1	1	1	1	1	2	1	1	1	2	2	2	1	1	2	1	1	1	1	1	1	1	1	1	1	1	0	1	2	2	2	2	1
10	90321394	1	2	2	2	2	2	2	2	2	1	1	1	1	2	1	1	2	1	2	1	1	1	1	1	2	1	1	1	2	2	2	1	1	2	1	1	1	1	1	1	1	1	1	1	1	0	1	2	2	2	2	1
10	90744037	1	2	2	2	2	2	2	2	2	1	1	1	1	2	1	1	2	1	2	1	1	1	1	1	2	1	1	1	2	2	2	1	1	2	1	1	1	1	1	1	1	1	1	1	1	0	1	2	2	2	2	1
10	94330257	1	2	2	2	2	2	2	2	2	1	1	1	1	2	1	1	2	1	2	1	1	1	1	1	2	1	1	1	2	2	2	1	1	2	1	1	1	1	1	1	1	1	1	1	1	0	1	2	2	2	2	1
10	100428020	1	2	2	2	2	2	2	2	2	1	1	1	1	2	1	1	2	1	2	1	1	1	1	1	2	1	1	1	2	2	2	1	1	2	1	1	1	1	1	2	1	1	1	1	1	1	1	2	2	2	2	1
10	100900807	1	2	2	2	2	2	2	2	2	1	1	1	1	2	1	1	2	1	2	1	1	1	1	1	2	1	1	1	2	2	2	1	1	2	1	1	1	1	1	2	1	1	1	1	1	1	1	2	2	2	2	1
10	110422980	1	2	2	2	2	2	2	2	2	1	1	1	1	2	1	1	1	1	2	1	1	1	1	1	2	1	1	1	2	2	1	1	1	1	1	1	1	1	1	1	1	1	1	1	1	1	1	2	2	2	2	1
10	114590504	1	2	2	2	2	2	2	2	2	1	1	1	1	2	1	1	2	1	2	1	1	1	1	1	2	1	1	1	2	2	1	1	1	1	1	1	1	1	1	1	1	1	1	1	1	1	1	2	2	2	2	1
10	114808814	1	2	2	2	2	2	2	2	2	1	1	1	1	2	1	1	2	1	2	1	1	1	1	1	2	1	1	1	2	2	1	1	1	1	1	1	1	1	1	1	1	1	1	1	1	1	1	2	2	2	2	1
10	115866755	1	2	2	2	2	2	2	2	2	1	1	1	1	2	1	1	2	1	2	1	1	1	1	1	2	1	1	1	2	2	1	1	1	1	1	1	1	1	1	1	1	1	1	1	1	1	1	2	2	2	2	1
10	117406193	1	2	2	2	2	2	2	2	2	1	1	1	1	2	1	1	2	1	2	1	1	1	1	1	1	1	1	1	2	2	1	1	1	1	1	1	1	1	1	1	1	1	1	1	1	1	1	2	2	2	2	1
10	118916500	1	2	2	2	2	2	2	2	2	1	1	1	1	2	1	1	2	1	2	1	1	1	1	1	1	1	1	1	2	2	1	1	1	1	1	1	1	1	1	1	1	1	1	1	1	1	1	2	2	2	2	1
10	120175475	1	2	2	2	2	2	2	2	2	1	1	1	1	2	1	1	2	1	2	1	1	1	1	1	1	1	1	1	2	2	1	1	1	1	1	1	1	1	1	1	1	1	1	1	1	1	1	2	2	2	2	1
10	124825129	1	2	2	2	2	2	2	2	2	1	1	1	1	2	1	1	2	1	2	1	1	1	1	1	1	1	1	1	2	2	1	2	1	1	1	1	1	1	1	1	1	1	1	1	1	1	1	2	2	2	2	1
10	128326184	1	2	2	2	2	2	2	2	2	1	1	1	1	2	1	1	1	1	2	1	1	1	1	1	1	1	1	1	2	2	1	1	1	1	1	1	1	1	1	1	1	1	1	1	1	1	1	2	2	2	2	1
10	133881461	1	2	2	2	2	2	2	2	2	1	1	1	1	2	1	1	1	1	2	1	1	1	1	2	1	1	1	1	2	2	1	1	1	1	1	1	1	1	1	1	1	1	1	1	1	1	2	2	2	2	2	1
10	134314867	1	2	2	2	2	2	2	2	2	1	1	1	1	2	1	1	1	1	2	1	1	1	1	2	1	1	1	1	2	2	1	1	1	1	1	1	1	1	1	1	1	1	1	1	1	1	2	2	2	2	2	1
14	24400311	2	2	2	2	2	2	2	2	2	3	3	3	3	3	3	2	2	3	2	3	3	3	3	3	2	3	2	3	3	3	3	2	2	2	2	3	3	3	2	2	2	2	2	3	2	3	3	2	2	2	2	3
14	24682402	2	2	2	2	2	2	2	2	2	3	3	3	3	3	3	2	2	3	2	3	3	3	3	3	2	3	2	3	3	3	3	2	2	2	2	3	3	3	2	2	2	2	2	3	2	3	3	2	2	2	2	3
14	25140942	2	2	2	2	2	2	2	2	2	3	3	3	3	3	3	2	2	3	2	3	3	3	3	3	2	3	2	3	3	3	3	2	2	2	2	3	3	3	2	2	2	2	2	3	2	3	3	2	2	2	2	3
14	32444218	2	2	2	2	2	2	2	2	2	3	3	3	3	3	3	2	2	3	1	3	3	3	3	3	2	3	2	3	3	3	3	2	2	2	2	2	2	3	2	2	2	2	2	3	2	3	3	2	2	2	2	3
14	33754508	2	2	2	2	2	2	2	2	2	3	3	3	3	3	3	2	2	3	1	3	3	3	3	3	2	3	2	3	3	3	3	2	2	2	2	2	2	3	2	1	2	2	2	2	2	3	3	2	2	2	2	3
14	35099460	2	2	2	2	2	2	2	2	2	3	3	3	3	3	3	2	2	3	1	3	3	3	3	3	2	3	2	3	3	3	3	2	2	2	2	2	3	3	2	1	2	2	2	3	2	3	3	2	2	2	2	3
14	36057768	2	2	2	2	2	2	2	2	2	3	3	3	3	3	3	2	2	3	1	3	3	3	3	3	2	3	2	3	3	2	3	2	2	2	2	2	3	3	2	1	2	2	2	3	2	3	3	2	2	2	2	3
14	37385073	2	2	2	2	2	2	2	2	2	3	3	3	3	3	3	2	2	3	1	3	3	3	3	3	2	3	2	3	3	2	3	2	2	2	2	2	3	3	2	1	2	2	2	3	2	3	3	2	2	2	2	3
14	38717725	2	2	2	2	2	2	2	2	2	3	3	3	3	3	3	2	2	3	2	3	3	3	3	3	2	3	2	3	3	3	3	2	2	2	2	2	3	3	2	2	2	2	2	3	2	3	3	2	2	2	2	3
14	40102545	2	2	2	2	2	2	2	2	2	3	3	3	3	3	3	2	2	3	2	3	3	3	3	3	2	3	2	3	3	3	3	2	2	2	2	2	3	3	2	2	2	2	2	3	2	3	3	2	2	2	2	3
14	40768601	2	2	2	2	2	2	2	2	2	3	3	3	3	3	3	2	2	3	2	3	3	3	3	3	2	3	2	3	3	3	3	2	2	2	2	2	3	3	2	2	2	2	2	3	2	3	3	2	2	2	2	3
14	41428243	2	2	2	2	2	2	2	2	2	3	3	3	3	3	3	2	2	3	2	3	3	3	3	3	2	3	2	3	3	3	3	2	2	2	2	2	3	3	2	2	2	2	2	3	2	3	3	2	2	2	2	3
14	42081113	2	2	2	2	2	2	2	2	2	3	3	3	3	3	3	2	2	3	2	3	3	3	3	3	2	3	2	3	3	3	3	2	2	2	2	2	3	3	2	2	2	2	2	3	2	3	3	2	2	2	2	3
14	43827551	2	2	2	2	2	2	2	2	2	3	3	3	3	3	3	2	2	3	2	3	3	3	3	3	2	3	2	3	3	3	3	2	2	2	3	2	3	3	2	2	2	2	2	3	2	3	3	2	2	2	2	3
14	44708281	2	2	2	2	2	2	2	2	2	3	3	3	3	3	3	2	2	3	2	3	3	3	3	3	2	3	2	3	3	3	3	2	2	2	3	2	3	3	2	2	2	2	2	3	2	3	3	2	2	2	2	3
14	45170285	2	2	2	2	2	2	2	2	2	3	3	3	3	3	3	2	2	3	2	3	3	3	3	3	2	3	2	3	3	3	3	2	2	2	3	2	3	3	2	2	2	2	2	3	2	3	3	2	2	2	2	3
14	50070292	2	2	2	2	2	2	2	2	2	3	3	3	3	3	3	2	2	3	2	3	3	3	3	3	2	3	2	3	3	3	3	3	2	2	3	2	3	3	2	2	2	2	2	3	2	3	3	2	2	2	2	3
14	51439718	2	2	2	2	2	2	2	2	2	3	3	3	3	2	3	2	2	3	2	3	3	3	3	3	2	3	2	3	3	3	3	3	2	2	3	2	3	3	2	2	2	2	2	3	2	3	3	2	2	2	2	3
14	51872573	2	2	2	2	2	2	2	2	2	3	3	3	3	2	3	2	2	3	2	3	3	3	3	3	2	3	2	3	3	3	3	3	2	2	3	2	3	3	2	2	2	2	2	3	2	3	3	2	2	2	2	3
14	52087750	2	2	2	2	2	2	2	2	2	3	3	3	3	2	3	2	2	3	2	3	3	3	3	3	2	3	2	3	3	3	3	3	2	2	3	2	3	3	2	2	2	2	2	3	2	3	3	2	2	2	2	3
14	52985738	2	2	2	2	2	2	2	2	2	3	3	3	3	2	3	2	2	3	2	3	3	3	3	3	2	3	2	3	3	3	3	3	2	2	3	2	3	3	2	2	2	2	2	3	2	3	3	2	2	2	2	3
14	54770506	2	2	2	2	2	2	2	2	2	3	3	3	3	2	3	2	2	3	2	3	3	3	3	3	2	3	2	3	3	3	3	3	2	2	3	2	3	3	2	2	2	2	2	3	2	3	3	2	2	2	2	3
14	54992372	2	2	2	2	2	2	2	2	2	3	3	3	3	2	3	2	2	3	2	3	3	3	3	3	2	3	2	3	3	3	3	3	2	2	3	2	3	3	2	2	2	2	2	3	2	3	3	2	2	2	2	3
14	55434836	2	2	2	2	2	2	2	2	2	3	3	3	3	2	3	2	2	3	2	3	3	3	3	3	2	3	2	3	3	3	3	3	2	2	3	2	3	3	2	2	2	2	2	3	2	3	3	2	2	2	2	3
14	59658207	2	2	2	2	2	2	2	2	2	3	3	3	3	2	3	2	2	3	2	3	3	3	3	2	2	3	2	3	3	3	3	3	2	2	3	2	3	3	2	2	2	2	2	2	2	3	3	2	2	2	2	3
14	61686900	2	2	2	2	2	2	2	2	2	3	3	3	3	2	3	2	2	3	2	3	3	3	3	2	2	3	2	3	3	3	3	3	2	2	3	2	3	3	2	2	3	2	2	2	2	3	3	2	2	2	2	3
14	63646246	2	2	2	2	2	2	2	2	2	3	3	3	3	2	3	2	2	3	2	3	3	3	3	2	2	3	2	3	3	3	3	3	2	2	3	2	3	3	2	2	3	2	2	2	2	3	3	2	2	2	2	3
14	64099101	2	2	2	2	2	2	2	2	2	3	3	3	3	2	3	2	2	3	2	3	3	3	3	2	2	3	2	3	3	3	3	3	2	2	3	2	3	3	2	2	3	2	2	2	2	3	3	2	2	2	2	3
14	65683621	2	2	2	2	2	2	2	2	2	3	3	3	3	2	3	2	2	3	2	3	3	3	3	2	2	3	2	3	2	3	3	3	2	2	3	2	3	3	2	2	3	2	2	2	2	3	3	2	2	2	2	3
14	66353915	2	2	2	2	2	2	2	2	2	3	3	3	3	2	3	2	2	3	2	3	3	3	3	2	2	3	2	3	2	3	3	3	2	2	3	2	3	3	2	2	3	2	2	2	2	3	3	2	2	2	2	3
14	69877546	2	2	2	2	2	2	2	2	2	3	3	3	3	2	3	2	2	3	2	3	3	3	3	2	2	3	2	3	2	3	3	2	2	2	3	2	3	3	2	2	3	2	2	2	2	3	3	2	2	2	2	3
14	70529752	2	2	2	2	2	2	2	2	2	3	3	3	3	2	3	2	2	3	2	3	3	3	3	2	2	3	2	3	2	2	3	2	2	2	3	2	3	3	2	2	3	2	2	2	2	3	3	2	2	2	2	3
14	72566789	2	2	2	2	2	2	2	2	2	3	3	3	3	2	3	2	2	3	2	3	3	3	3	2	2	3	2	3	2	2	3	2	2	2	3	2	3	3	2	2	3	2	2	2	2	3	3	2	2	2	2	3
14	76421763	2	2	2	2	2	2	2	2	2	3	3	3	3	2	3	2	2	3	2	3	3	3	3	2	2	3	2	3	2	2	3	2	2	2	3	2	3	3	2	2	3	2	2	2	2	3	3	2	2	2	2	3
14	76842855	2	2	2	2	2	2	2	2	2	3	3	3	3	2	3	2	2	3	2	3	3	3	3	2	2	3	2	3	2	2	3	2	2	2	3	2	2	3	2	2	3	2	2	2	2	3	3	2	2	2	2	3
14	77289801	2	2	2	2	2	2	2	2	2	3	3	3	3	2	3	2	2	3	2	3	3	3	3	2	2	3	2	3	2	2	3	2	2	2	3	2	2	3	2	2	3	2	2	2	2	3	3	2	2	2	2	3
14	77521515	2	2	2	2	2	2	2	2	2	3	3	3	3	2	3	2	2	3	2	3	3	3	3	2	2	3	2	3	2	2	3	2	2	2	3	2	2	3	2	2	3	2	2	2	2	3	3	2	2	2	2	3
14	77736323	2	2	2	2	2	2	2	2	2	3	3	3	3	2	3	2	2	3	2	3	3	3	3	2	2	3	2	3	2	2	3	2	2	2	3	2	2	3	2	2	3	2	2	2	2	3	3	2	2	2	2	3
14	79689180	2	2	2	2	2	2	2	2	2	3	3	3	3	2	3	2	2	2	1	3	3	3	3	2	2	1	2	3	2	2	3	2	2	2	3	2	2	3	2	2	2	2	2	2	2	3	3	2	2	2	2	3
14	80774693	2	2	2	2	2	2	2	2	2	3	3	3	3	2	3	2	2	2	1	3	3	3	3	2	2	1	2	3	2	2	3	2	2	2	3	2	2	3	2	2	2	2	2	2	2	3	3	2	2	2	2	3
14	83992800	2	2	2	2	2	2	2	2	2	3	3	3	3	2	3	2	2	2	1	3	3	3	3	3	2	2	2	3	2	3	3	2	2	2	3	2	2	3	2	2	2	2	2	2	2	3	3	2	2	2	2	3
14	86322553	2	2	2	2	2	2	2	2	2	3	3	3	3	2	3	2	2	2	1	3	3	3	3	3	2	2	2	3	2	3	3	2	2	2	3	2	2	3	2	2	2	2	2	2	2	3	3	2	2	2	2	3
14	88950035	2	2	2	2	2	2	2	2	2	3	3	2	3	2	3	2	2	2	1	3	3	3	3	3	2	2	2	3	2	3	3	2	2	2	3	2	2	3	2	2	2	2	2	2	2	3	3	2	2	2	2	3
14	94713051	2	2	2	2	2	2	2	2	2	3	3	2	3	2	3	2	2	3	1	3	3	3	3	3	2	1	2	3	2	3	3	2	2	2	2	2	2	3	2	2	2	2	2	2	2	3	3	2	2	2	2	2
14	95138062	2	2	2	2	2	2	2	2	2	3	3	2	3	2	3	2	2	3	1	3	3	3	3	3	2	1	2	3	2	3	3	2	2	2	2	2	2	3	2	2	2	2	2	2	2	3	3	2	2	2	2	2
14	96414165	2	2	2	2	2	2	2	2	2	3	3	2	3	2	3	2	2	3	1	3	3	3	3	3	2	1	2	3	2	3	3	2	2	2	2	2	2	3	2	2	2	2	2	2	2	3	3	2	2	2	2	2
14	96840186	2	2	2	2	2	2	2	2	2	3	3	2	3	2	3	2	2	3	1	3	3	3	3	3	2	1	2	3	2	3	3	2	2	2	2	2	2	3	2	2	2	2	2	2	2	3	3	2	2	2	2	2
14	99784441	2	2	2	2	2	2	2	2	2	3	3	2	3	2	3	2	2	3	1	3	3	3	3	3	2	2	2	3	2	3	3	2	2	2	2	3	2	3	2	2	2	2	2	2	2	3	3	2	2	2	2	2
14	101075469	2	2	2	2	2	2	2	2	2	3	3	2	3	2	3	2	2	3	1	3	3	3	3	3	2	2	2	3	2	3	3	2	2	2	2	3	3	3	2	2	2	2	2	2	2	3	3	2	2	2	2	2
14	105783636	2	2	2	2	2	2	2	2	2	3	1	2	3	2	3	2	2	3	1	3	3	3	3	3	2	2	2	3	2	3	3	2	2	2	2	3	3	3	2	2	2	2	1	2	2	3	3	2	2	2	2	2
19	741862	1	2	2	2	2	2	2	2	2	1	2	2	2	2	2	2	1	2	2	2	2	2	2	2	2	2	2	2	2	2	2	1	2	2	2	1	2	2	2	1	1	1	2	2	2	2	2	2	2	2	2	2
19	1441011	1	2	2	2	2	2	2	2	2	1	2	2	2	2	2	2	1	2	2	2	2	2	2	2	2	2	2	2	2	2	2	1	2	2	2	1	2	2	2	1	1	1	2	2	2	2	2	2	2	2	2	2
19	2864879	1	2	2	2	2	2	2	2	2	1	2	2	2	2	2	2	1	2	2	2	2	2	2	2	2	2	2	2	2	2	2	1	2	2	2	1	2	2	2	1	1	1	2	2	2	2	2	2	2	2	2	2
19	3117056	1	2	2	2	2	2	2	2	2	1	2	2	2	2	2	2	1	2	2	2	2	2	2	2	2	2	2	2	2	2	2	1	2	2	2	1	2	2	2	1	1	1	2	2	2	2	2	2	2	2	2	2
19	3359333	1	2	2	2	2	2	2	2	2	1	2	2	2	2	2	2	1	2	2	2	2	2	2	2	2	2	2	2	2	2	2	1	2	2	2	1	2	2	2	1	1	1	2	2	2	2	2	2	2	2	2	2
19	3595053	1	2	2	2	2	2	2	2	2	1	2	2	2	2	2	2	1	2	2	2	2	2	2	2	2	2	2	2	2	2	2	1	2	2	2	1	2	2	2	1	1	1	2	2	2	2	2	2	2	2	2	2
19	3829254	1	2	2	2	2	2	2	2	2	1	2	2	2	2	2	2	1	2	2	2	2	2	2	2	2	2	2	2	2	2	2	1	2	2	2	1	2	2	2	1	1	1	2	2	2	2	2	2	2	2	2	2
19	4568928	1	2	2	2	2	2	2	2	2	1	2	2	2	2	2	2	1	2	2	2	2	2	2	2	2	2	2	2	2	2	2	1	2	2	2	1	2	2	2	1	1	1	2	2	2	2	2	2	2	2	2	2
19	4814289	1	2	2	2	2	2	2	2	2	1	2	2	2	2	2	2	1	2	2	2	2	2	2	2	2	2	2	2	2	2	2	1	2	2	2	1	2	2	2	1	1	1	2	2	2	2	2	2	2	2	2	2
19	6731174	1	2	2	2	2	2	2	2	2	1	1	3	1	3	1	2	2	2	2	1	1	1	1	2	2	1	1	2	1	2	2	2	2	2	1	2	2	2	1	1	2	2	1	2	1	1	2	2	2	2	2	2
19	9166901	1	2	2	2	2	2	2	2	2	1	1	3	1	3	1	2	2	2	2	1	1	1	1	2	2	1	1	2	1	2	2	2	2	2	1	2	2	2	1	1	2	2	1	2	1	1	2	2	2	2	2	2
19	9908698	1	2	2	2	2	2	2	2	2	1	1	3	1	3	1	2	2	2	2	1	1	1	1	2	2	1	1	2	1	2	2	2	2	2	1	2	2	2	1	1	2	2	1	2	1	1	2	2	2	2	2	2
19	11386546	1	2	2	2	2	2	2	2	2	3	1	3	1	3	1	2	2	3	2	1	1	3	1	2	3	1	3	2	3	3	3	2	3	2	3	2	2	2	1	1	2	2	1	2	1	1	2	2	2	2	2	2
19	14376689	3	2	2	2	2	2	2	2	2	3	3	4	3	2	3	2	3	3	4	3	1	3	3	2	3	3	3	2	3	3	3	2	3	4	3	2	2	3	4	3	3	3	3	3	1	3	3	2	2	2	2	3
19	18009144	3	2	2	2	2	2	2	2	2	3	3	4	3	2	3	2	3	3	4	3	3	3	3	3	3	3	3	3	3	3	3	2	3	4	3	2	3	3	4	3	3	3	3	3	3	3	3	2	2	2	2	3
19	18504732	3	2	2	2	2	2	2	2	2	3	3	4	3	2	3	2	3	3	4	3	3	3	3	3	3	3	3	3	3	3	3	2	3	4	3	2	3	3	4	3	3	3	3	3	3	3	3	2	2	2	2	3
19	19203998	3	2	2	2	2	2	2	2	2	3	3	4	3	2	3	2	3	3	4	3	3	3	3	3	3	3	3	3	3	3	3	2	3	4	3	2	3	3	4	3	3	3	3	3	3	3	3	2	2	2	2	3
19	19667901	3	2	2	2	2	2	2	2	2	3	3	4	3	2	3	2	3	3	4	3	3	3	3	3	3	3	3	3	3	3	3	2	3	4	3	2	3	3	4	3	3	3	3	3	3	3	3	2	2	2	2	3
19	22853055	3	2	2	2	2	2	2	2	2	3	3	4	3	2	3	2	3	3	4	3	3	3	3	3	2	3	3	3	3	3	3	2	3	4	3	2	3	3	4	3	3	3	3	3	3	3	3	2	2	2	2	3
19	23870955	3	2	2	2	2	2	2	2	2	3	3	4	3	2	3	2	3	3	4	3	3	3	3	3	2	3	3	3	3	3	3	2	3	4	3	2	3	3	4	3	3	3	3	3	3	3	3	2	2	2	2	3
19	29571681	3	2	2	2	2	2	2	2	2	3	3	3	3	2	3	2	2	3	2	3	3	1	3	3	2	3	3	3	3	2	3	3	3	4	3	2	3	3	1	3	2	3	1	2	3	3	2	2	2	2	2	3
19	30015777	3	2	2	2	2	2	2	2	2	3	3	3	3	2	3	2	2	3	2	3	3	1	3	3	2	3	3	3	3	2	3	3	3	4	3	2	3	3	1	3	2	3	1	2	3	3	2	2	2	2	2	3
19	31109935	3	2	2	2	2	2	2	2	2	3	3	3	3	2	3	2	2	3	2	3	3	1	3	3	2	3	3	3	3	2	3	3	3	4	3	2	3	3	1	3	2	3	1	2	3	3	2	2	2	2	2	3
19	32782661	3	2	2	2	2	2	2	2	2	3	3	3	3	2	3	2	2	3	2	3	3	1	3	3	2	3	3	3	3	2	3	3	3	4	3	2	3	3	1	3	2	3	1	2	3	3	2	2	2	2	2	3
19	33745174	3	2	2	2	2	2	2	2	2	3	3	3	3	2	3	2	2	3	2	3	3	3	3	3	2	3	3	3	3	3	3	3	3	4	3	2	3	3	3	3	2	3	3	3	3	3	2	2	2	2	2	3
19	34619056	3	2	2	2	2	2	2	2	2	3	3	3	3	2	3	2	2	3	2	3	3	3	3	3	2	3	3	3	3	3	3	3	3	4	3	2	3	3	3	3	2	3	3	3	3	3	2	2	2	2	2	3
19	35091188	3	2	2	2	2	2	2	2	2	3	3	3	3	2	3	2	2	3	2	3	3	3	3	3	2	3	3	3	3	3	3	3	3	4	3	2	3	3	3	3	2	3	3	3	3	3	2	2	2	2	2	3
19	36727529	3	2	2	2	2	2	2	2	2	3	3	3	3	2	3	2	2	3	2	3	3	3	3	3	2	3	3	3	3	3	3	3	3	4	3	2	3	3	3	3	3	3	3	3	3	3	3	2	2	2	2	3
19	37264808	3	2	2	2	2	2	2	2	2	3	3	3	3	2	3	2	2	3	2	3	3	3	3	3	2	3	3	3	3	3	3	3	3	4	3	2	3	3	3	3	3	3	3	3	3	3	3	2	2	2	2	3
19	37501094	3	2	2	2	2	2	2	2	2	3	3	3	3	2	3	2	2	3	2	3	3	3	3	3	2	3	3	3	3	3	3	3	3	4	3	2	3	3	3	3	3	3	3	3	3	3	3	2	2	2	2	3
19	38263424	3	2	2	2	2	2	2	2	2	3	3	3	3	2	3	2	2	3	2	3	3	3	3	3	2	3	3	3	3	3	3	3	3	4	3	2	3	3	3	3	3	3	3	3	3	3	3	2	2	2	2	3
19	38980921	3	2	2	2	2	2	2	2	2	3	3	3	3	2	3	2	2	3	2	3	3	3	3	3	2	3	3	3	3	3	3	3	3	4	3	2	3	3	3	3	3	3	3	3	3	3	3	2	2	2	2	3
19	39959542	3	2	2	2	2	2	2	2	2	3	3	3	3	2	3	2	2	3	2	3	3	3	3	3	2	3	3	3	3	3	3	3	3	4	3	2	3	3	3	3	3	3	3	3	3	3	3	2	2	2	2	3
19	40198836	3	2	2	2	2	2	2	2	2	3	3	3	3	2	3	2	2	3	2	3	3	3	3	3	2	3	3	3	3	3	3	3	3	4	3	2	3	3	3	3	3	3	3	3	3	3	3	2	2	2	2	3
19	41956811	3	2	2	2	2	2	2	2	2	3	3	3	3	2	3	2	2	3	4	3	3	3	3	3	2	3	3	3	3	3	3	3	3	4	3	2	3	3	3	3	3	3	3	3	3	3	3	2	2	2	2	3
19	43850819	3	2	2	2	2	2	2	2	2	3	3	3	3	2	3	2	2	3	4	3	3	3	3	3	2	3	3	3	3	3	3	3	3	4	3	2	3	3	3	3	3	3	3	3	3	3	3	2	2	2	2	3
19	46715221	3	2	2	2	2	2	2	2	2	3	3	3	3	2	3	2	2	3	4	3	3	3	3	3	2	3	3	3	3	3	3	3	3	4	3	2	3	3	3	3	3	3	3	3	3	3	3	2	2	2	2	3
19	47436999	3	2	2	2	2	2	2	2	2	3	3	3	3	2	3	2	2	3	4	3	3	3	3	3	2	3	3	3	3	3	3	3	3	4	3	2	3	3	3	3	3	3	3	3	3	3	3	2	2	2	2	3
19	48174470	3	2	2	2	2	2	2	2	2	3	3	3	3	2	3	2	2	3	4	3	3	3	3	3	3	3	3	3	3	3	3	3	3	4	3	2	3	3	3	3	3	3	3	3	3	3	3	2	2	2	2	3
19	49463207	3	2	2	2	2	2	2	2	2	3	3	3	3	2	3	2	2	3	4	3	3	3	3	3	3	3	3	3	3	3	3	3	3	4	3	2	3	3	3	3	3	3	3	3	3	3	3	2	2	2	2	3
19	49963555	3	2	2	2	2	2	2	2	2	3	3	3	3	2	3	2	2	3	4	3	3	3	3	3	3	3	3	3	3	3	3	3	3	4	3	2	3	3	3	3	3	3	3	3	3	3	3	2	2	2	2	3
19	50443966	3	2	2	2	2	2	2	2	2	3	3	3	3	2	3	2	2	3	4	3	3	3	3	3	3	3	3	3	3	3	3	3	3	4	3	2	3	3	3	3	3	3	3	3	3	3	3	2	2	2	2	3
19	50742253	3	2	2	2	2	2	2	2	2	3	3	3	3	2	3	2	2	3	2	3	3	3	3	3	3	3	3	3	3	3	3	3	3	4	3	2	3	3	3	3	3	3	3	3	3	3	3	2	2	2	2	3
19	51447483	3	2	2	2	2	2	2	2	2	3	3	3	3	2	3	2	2	3	2	3	3	3	3	3	3	3	3	3	3	3	3	3	3	4	3	2	3	3	3	3	3	3	3	3	3	3	3	2	2	2	2	3
19	51893501	3	2	2	2	2	2	2	2	2	3	3	3	3	2	3	2	2	3	2	3	3	3	3	3	3	3	3	3	3	3	3	3	3	4	3	2	3	3	3	3	3	3	3	3	3	3	3	2	2	2	2	3
19	53324047	3	2	2	2	2	2	2	2	2	3	3	3	3	2	3	2	2	3	2	3	3	3	3	3	3	3	3	3	3	3	3	3	3	4	3	2	3	3	3	3	3	3	3	3	3	3	3	2	2	2	2	3
19	53837140	3	2	2	2	2	2	2	2	2	3	3	3	3	2	3	2	2	3	2	3	3	3	3	3	3	3	3	3	3	3	3	3	3	4	3	2	3	3	3	3	3	3	3	3	3	3	3	2	2	2	2	3
19	54101729	3	2	2	2	2	2	2	2	2	3	3	3	3	2	3	2	2	3	2	3	3	3	3	3	3	3	3	3	3	3	3	3	3	4	3	2	3	3	3	3	3	3	3	3	3	3	3	2	2	2	2	3
19	54369505	3	2	2	2	2	2	2	2	2	3	3	3	3	2	3	2	2	3	2	3	3	3	3	3	3	3	3	3	3	3	3	3	3	4	3	2	3	3	3	3	3	3	3	3	3	3	3	2	2	2	2	3
19	57376292	3	2	2	2	2	2	2	2	2	3	3	3	3	2	1	2	2	3	2	3	3	3	3	3	3	3	3	3	3	3	3	2	3	4	3	2	3	3	3	3	3	3	3	3	3	3	3	2	2	2	2	3
