HNSCC5_p5_P5_E03	HNSCC5_p13_P13_D08	HNSCC5_p5_P5_E12	HNSCC5_p9_HNSCC5_P9_F10	HNSCC5_p13_P13_B12	HNSCC5_p14_HNSCC5_P14_LN_G06	HNSCC5_p9_HNSCC5_P9_B08	HNSCC5_p13_P13_G04	HNSCC5_p13_P13_C07	HNSCC5_p13_P13_D01	HNSCC5_p5_P5_A08	HNSCC5_p3_HNSCC5_P3_H01	HNSCC5_p14_HNSCC5_P14_LN_F05	HNSCC5_p5_P5_F11	HNSCC5_p13_P13_A08	HNSCC5_p7_HNSCC5_P7_E07	HNSCC5_p15_HNSCC5_P15_B07	HNSCC5_p9_HNSCC5_P9_D08	HNSCC5_p9_HNSCC5_P9_G04	HNSCC5_p7_HNSCC5_P7_F10	HNSCC5_p9_HNSCC5_P9_H03	HNSCC5_p9_HNSCC5_P9_D10	HNSCC5_p9_HNSCC5_P9_E02	HNSCC5_p13_P13_D03	HNSCC5_p9_HNSCC5_P9_E10	HNSCC5_p7_HNSCC5_P7_G02	HNSCC5_p15_HNSCC5_P15_D03	HNSCC5_p7_HNSCC5_P7_F12	HNSCC5_p15_HNSCC5_P15_A12	HNSCC5_p14_HNSCC5_P14_LN_E09	HNSCC5_p15_HNSCC5_P15_B08	HNSCC5_p13_P13_F04	HNSCC5_p9_HNSCC5_P9_D05	HNSCC5_p15_HNSCC5_P15_F09	HNSCC5_p9_HNSCC5_P9_F09	HNSCC5_p13_P13_B05	HNSCC5_p9_HNSCC5_P9_E08	HNSCC5_p14_HNSCC5_P14_LN_G08	HNSCC5_p15_HNSCC5_P15_A11	HNSCC5_p3_HNSCC5_P3_D10	HNSCC5_p14_HNSCC5_P14_LN_D10	HNSCC5_p13_P13_C06	HNSCC5_p9_HNSCC5_P9_G02	HNSCC5_p14_HNSCC5_P14_LN_C09	HNSCC5_p14_HNSCC5_P14_LN_B07	HNSCC5_p15_HNSCC5_P15_A09	HNSCC5_p9_HNSCC5_P9_A02	HNSCC5_p14_HNSCC5_P14_LN_E12	HNSCC5_p5_P5_B05	HNSCC5_p5_P5_D05
ADI1	1	1	0.58428755447294	1.69875451905965	1	1.87498615775512	1	1.38599243988661	1	1	1.23922512355931	1	1.33676406293763	1.3964080995732	1	1	1.26823756513281	1	1.26407589644934	1	1	1.28488794103694	1	1	1	1	1	1.26086845348895	1	1.26109752655947	1	1.35378091458739	1	1	1	1	1	1.38896721086912	1	1	1.26300237262496	1	1.26248630542883	1.26254903487136	1.70506020968437	1.23825691884764	1	1.57646614441941	1	1
RPS7	1	1	0.566673221743378	1.66286289532925	1	1.84369194314112	1	1.38534608438904	1	1	1	1	1.31691021133249	1.38246933150371	1	1	1.2608986717742	1	1.25810300752906	1	1	1.29530500034039	1	1	1	1	1	1.25566998155033	1	1	1	1.33064443220586	1	1	1	1	1	1.36298720172598	1	1	1	1	1.26349307166024	1.25854325720787	1.6637793028456	1.24033113854404	1	1.53148504521682	1	1
ID2	1	1	0.562244092033434	1.64865516165838	1	1.82497126590095	1	1.38894230586216	1	1	1	1	1.30780270358549	1.3762301878646	1	1	1.25968569841847	1	1.25770293951232	1	1	1.29697731777381	1	1	1	1	1	1.25433232669943	1	1	1	1.31722045404541	1	1	1	1	1	1.35245625344445	1	1	1	1	1.26464863590549	1.25635171507907	1.64121419596156	1.24232906392207	1	1.50940939997056	1	1
PDIA6	1	1	0.511082162409857	1.54905776044915	1	1.74077682031387	1	1.36199302643898	1	1	1	1	1.25247655859675	1.34244229015021	1	1	1.24574227285184	1	1.25062454569504	1	1	1.31086847879619	1	1	1	1	1	1	1	1	1	1.26740388844134	1	1	1	1	1	1.33612050880852	1	1	1	1	1.27183686008052	1.23950085807072	1.53942208039477	1.2678711504087	1	1.36866211186881	1	1
DDX1	1	1	0.492589212413551	1.5187441608788	1	1.73365292191005	1	1.35333335825865	1	1	1	1	1	1.34082700626592	1	1	1.23929916620119	1	1.24999984596691	1	1	1.30239885259825	1	1	1	1	1	1	1	1	1	1.26243671448364	1	1	1	1	1	1.33480061192019	1	1	1	1	1.26492691391831	1	1.52725791797742	1.27172978454789	1	1.33726405660437	1	1
VSNL1	1	1	0.483019266955969	1.50137196133531	1	1.72752581948501	1	1.3472003092798	1	1	1	1	1	1.33934086524735	1	1	1.23636474365302	1	1.24883042468961	1	1	1.29403416592049	1	1	1	1	1	1	1	1	1	1.26115933865658	1	1	1	1	1	1.338202880671	1	1	1	1	1.26073463162317	1	1.5173338235372	1.27182511699091	1	1.32408903092223	1	1
SF3B14	1	1	0.449240295885187	1.4220107819774	1	1.67737998613045	1	1.30767154880106	1	1	1	1	1	1.32261868574266	1	1	1	1	1	1	1	1.25657599079781	1	1	1	1	1	1	1	1	1	1.23499969362388	1	1	1	1	1	1.32488223474108	1	1	1	1	1.23526771729267	1	1.46723947073949	1.26288126944906	1	1.25505214085155	1	1
OST4	1	1	1	1	1	1	1	1	1	1	1	1	1	1	1	1	1	1	1	1	1	1	1	1	1	1	1	1	1	1	1	1	1	1	1	1	1	1	1	1	1	1	1	1	1	1	1	1	1	1
MPV17	1	1	1	1	1	1	1	1	1	1	1	1	1	1	1	1	1	1	1	1	1	1	1	1	1	1	1	1	1	1	1	1	1	1	1	1	1	1	1	1	1	1	1	1	1	1	1	1	1	1
SNX17	1	1	1	1	1	1	1	1	1	1	1	1	1	1	1	1	1	1	1	1	1	1	1	1	1	1	1	1	1	1	1	1	1	1	1	1	1	1	1	1	1	1	1	1	1	1	1	1	1	1
NRBP1	1	1	1	1	1	1	1	1	1	1	1	1	1	1	1	1	1	1	1	1	1	1	1	1	1	1	1	1	1	1	1	1	1	1	1	1	1	1	1	1	1	1	1	1	1	1	1	1	1	1
GPN1	1	1	1	1	1	1	1	1	1	1	1	1	1	1	1	1	1	1	1	1	1	1	1	1	1	1	1	1	1	1	1	1	1	1	1	1	1	1	1	1	1	1	1	1	1	1	1	1	1	1
LTBP1	1	1	1	1	1	1	1	1	1	1	1	1	1	1	1	1	1	1	1	1	1	1	1	1	1	1	1	1	1	1	1	1	1	1	1	1	1	1	1	1	1	1	1	1	1	1	1	1	1	1
CEBPZ	1	1	1	1	1	1	1	1	1	1	1	1	1	1	1	1	1	1	1	1	1	1	1	1	1	1	1	1	1	1	1	1	1	1	1	1	1	1	1	1	1	1	1	1	1	1	1	1	1	1
SRSF7	1	1	1	1	1	1	1	1	1	1	1	1	1	1	1	1	1	1	1	1	1	1	1	1	1	1	1	1	1	1	1	1	1	1	1	1	1	1	1	1	1	1	1	1	1	1	1	1	1	1
EML4	1	1	1	1	1	1	1	1	1	1	1	1	1	1	1	1	1	1	1	1	1	1	1	1	1	1	1	1	1	1	1	1	1	1	1	1	1	1	1	1	1	1	1	1	1	1	1	1	1	1
ZFP36L2	1	1	1	1	1	1	1	1	1	1	1	1	1	1	1	1	1	1	1	1	1	1	1	1	1	1	1	1	1	1	1	1	1	1	1	1	1	1	1	1	1	1	1	1	1	1	1	1	1	1
LRPPRC	1	1	1	1	1	1	1	1	1	1	1	1	1	1	1	1	1	1	1	1	1	1	1	1	1	1	1	1	1	1	1	1	1	1	1	1	1	1	1	1	1	1	1	1	1	1	1	1	1	1
MCFD2	1	1	0.422494725784826	1	0.437997723034983	1	1	1	1	1	1	1	1	1	1	1	1	1	1	1	1	1	1	1	1	1	1	1	0.691469378928166	1	1	1	1	1	1	1	1	1	1	1	1	1	1	1	1	1.31370055007722	1	1	1	0.723566269794045
CALM2	1	1	0.430533810975727	1	0.432146223557699	1	1	1	1	1	1	1	1	1	1	1	1	1	1	1	1	1	1	1	1	1	1	1	0.687978242471696	1	1	1	1	1	1	1	1	1	1	1	1	1	1	1	1	1.31420312072366	1	1	1	0.714894602298585
RTN4	1	1	0.457522500894793	1	0.43144254246144	1	1	1	1	1	1	1	1	1	1	1	1	1	1	1	1	1	1	1	1	1	1	1	0.681025316521769	1	1	1	1	1	1	1	1	1	1	1	1	1	1	1	1	1.32008733653015	1	1	1	0.702472142919037
RPS27A	1	1	0.467513067342282	1	0.433458751594349	1	1	1	1	1	1	1	1	1	1	1	1	1	1	1	1	1	1	1	1	1	1	1	0.677566867110299	1	1	1	1	1	1	1	1	1	1	1	1	1	1	1	1	1.32120058684811	1	1	1	0.700053533778749
EFEMP1	1	1	1	1	1	1	1	1	1	1	1	1	1	1	1	1	1	1	1	1	1	1	1	1	1	1	1	1	1	1	1	1	1	1	1	1	1	1	1	1	1	1	1	1	1	1	1	1	1	1
CCT4	1	1	1	1	1	1	1	1	1	1	1	1	1	1	1	1	1	1	1	1	1	1	1	1	1	1	1	1	1	1	1	1	1	1	1	1	1	1	1	1	1	1	1	1	1	1	1	1	1	1
UGP2	1	1	1	1	1	1	1	1	1	1	1	1	1	1	1	1	1	1	1	1	1	1	1	1	1	1	1	1	1	1	1	1	1	1	1	1	1	1	1	1	1	1	1	1	1	1	1	1	1	1
ACTR2	1	1	1	1	1	1	1	1	1	1	1	1	1	1	1	1	1	1	1	1	1	1	1	1	1	1	1	1	1	1	1	1	1	1	1	1	1	1	1	1	1	1	1	1	1	1	1	1	1	1
C1D	1	1	1	1	1	1	1	1	1	1	1	1	1	1	1	1	1	1	1	1	1	1	1	1	1	1	1	1	1	1	1	1	1	1	1	1	1	1	1	1	1	1	1	1	1	1	1	1	1	1
PNO1	1	1	1	1	1	1	1	1	1	1	1	1	1	1	1	1	1	1	1	1	1	1	1	1	1	1	1	1	1	1	1	1	1	1	1	1	1	1	1	1	1	1	1	1	1	1	1	1	1	1
ANXA4	1	1	1	1	1	1	1	1	1	1	1	1	1	1	1	1	1	1	1	1	1	1	1	1	1	1	1	1	1	1	1	1	1	1	1	1	1	1	1	1	1	1	1	1	1	1	1	1	1	1
FAM136A	1	1	1	1	1	1	1	1	1	1	1	1	1	1	1	1	1	1	1	1	1	1	1	1	1	1	1	1	1	1	1	1	1	1	1	1	1	1	1	1	1	1	1	1	1	1	1	1	1	1
NAGK	1	1	1	1	1	1	1	1	1	1	1	1	1	1	1	1	1	1	1	1	1	1	1	1	1	1	1	1	1	1	1	1	1	1	1	1	1	1	1	1	1	1	1	1	1	1	1	1	1	1
WDR54	1	1	1	1	1	1	1	1	1	1	1	1	1	1	1	1	1	1	1	1	1	1	1	1	1	1	1	1	1	1	1	1	1	1	1	1	1	1	1	1	1	1	1	1	1	1	1	1	1	1
RTKN	1	1	1	1	1	1	1	1	1	1	1	1	1	1	1	1	1	1	1	1	1	1	1	1	1	1	1	1	1	1	1	1	1	1	1	1	1	1	1	1	1	1	1	1	1	1	1	1	1	1
SUCLG1	1	1	1	1	1	1	1	1	1	1	1	1	1	1	1	1	1	1	1	1	1	1	1	1	1	1	1	1	1	1	1	1	1	1	1	1	1	1	1	1	1	1	1	1	1	1	1	1	1	1
TMSB10	1	1	1	1	1	1	1	1	1	1	1	1	1	1	1	1	1	1	1	1	1	1	1	1	1	1	1	1	1	1	1	1	1	1	1	1	1	1	1	1	1	1	1	1	1	1	1	1	1	1
CAPG	1	1	1	1	1	1	1	1	1	1	1	1	1	1	1	1	1	1	1	1	1	1	1	1	1	1	1	1	1	1	1	1	1	1	1	1	1	1	1	1	1	1	1	1	1	1	1	1	1	1
USP39	1	1	1	1	1	1	1	1	1	1	1	1	1	1	1	1	1	1	1	1	1	1	1	1	1	1	1	1	1	1	1	1	1	1	1	1	1	1	1	1	1	1	1	1	1	1	1	1	1	1
C2orf68	1	1	1	1	1	1	1	1	1	1	1	1	1	1	1	1	1	1	1	1	1	1	1	1	1	1	1	1	1	1	1	1	1	1	1	1	1	1	1	1	1	1	1	1	1	1	1	1	1	1
LINC00152	1	1	1	1	1	1	1	1	1	1	1	1	1	1	1	1	1	1	1	1	1	1	1	1	1	1	1	1	1	1	1	1	1	1	1	1	1	1	1	1	1	1	1	1	1	1	1	1	1	1
MRPS5	1	1	1	1	1	1	1	1	1	1	1	1	1	1	1	1	1	1	1	1	1	1	1	1	1	1	1	1	1	1	1	1	1	1	1	1	1	1	1	1	1	1	1	1	1	1	1	1	1	1
CIAO1	1	1	1	1	1	1	1	1	1	1	1	1	1	1	1	1	1	1	1	1	1	1	1	1	1	1	1	1	1	1	1	1	1	1	1	1	1	1	1	1	1	1	1	1	1	1	1	1	1	1
SNRNP200	1	1	1	1	1	1	1	1	1	1	1	1	1	1	1	1	1	1	1	1	1	1	1	1	1	1	1	1	1	1	1	1	1	1	1	1	1	1	1	1	1	1	1	1	1	1	1	1	1	1
ANKRD36	1	1	1	1	1	1	1	1	1	1	1	1	1	1	1	1	1	1	1	1	1	1	1	1	1	1	1	1	1	1	1	1	1	1	1	1	1	1	1	1	1	1	1	1	1	1	1	1	1	1
ACTR1B	1	1	1	1	1	1	1	1	1	1	1	1	1	1	1	1	1	1	1	1	1	1	1	1	1	1	1	1	1	1	1	1	1	1	1	1	1	1	1	1	1	1	1	1	1	1	1	1	1	1
EIF5B	1	1	1	1	1	1	1	1	1	1	1	1	1	1	1	1	1	1	1	1	1	1	1	1	1	1	1	1	1	1	1	1	1	1	1	1	1	1	1	1	1	1	1	1	1	1	1	1	1	1
PDCL3	1	1	1	1	1	1	1	1	1	1	1	1	1	1	1	1	1	1	1	1	1	1	1	1	1	1	1	1	1	1	1	1	1	1	1	1	1	1	1	1	1	1	1	1	1	1	1	1	1	1
RPL31	1	1	1	1	1	1	1	1	1	1	1	1	1	1	1	1	1	1	1	1	1	1	1	1	1	1	1	1	1	1	1	1	1	1	1	1	1	1	1	1	1	1	1	1	1	1	1	1	1	1
FHL2	1	1	1	1	1	1	1	1	1	1	1	1	1	1	1	1	1	1	1	1	1	1	1	1	1	1	1	1	1	1	1	1	1	1	1	1	1	1	1	1	1	1	1	1	1	1	1	1	1	1
CBWD2	1	1	1	1	1	1	1	1	1	1	1	1	1	1	1	1	1	1	1	1	1	1	1	1	1	1	1	1	1	1	1	1	1	1	1	1	1	1	1	1	1	1	1	1	1	1	1	1	1	1
DDX18	1	1	1	1	1	1	1	1	1	1	1	1	1	1	1	1	1	1	1	1	1	1	1	1	1	1	1	1	1	1	1	1	1	1	1	1	1	1	1	1	1	1	1	1	1	1	1	1	1	1
INSIG2	1	1	1	1	1	1	1	1	1	1	1	1	1	1	1	1	1	1	1	1	1	1	1	1	1	1	1	1	1	1	1	1	1	1	1	1	1	1	1	1	1	1	1	1	1	1	1	1	1	1
RALB	1	1	1	1	1	1	1	1	1	1	1	1	1	1	1	1	1	1	1	1	1	1	1	1	1	1	1	1	1	1	1	1	1	1	1	1	1	1	1	1	1	1	1	1	1	1	1	1	1	1
MKI67IP	1	1	1	1	1	1	1	1	1	1	1	1	1	1	1	1	1	1	1	1	1	1	1	1	1	1	1	1	1	1	1	1	1	1	1	1	1	1	1	1	1	1	1	1	1	1	1	1	1	1
MZT2B	1	1	1	1	1	1	1	1	1	1	1	1	1	1	1	1	1	1	1	1	1	1	1	1	1	1	1	1	1	1	1	1	1	1	1	1	1	1	1	1	1	1	1	1	1	1	1	1	1	1
CCDC115	1	1	1	1	1	1	1	1	1	1	1	1	1	1	1	1	1	1	1	1	1	1	1	1	1	1	1	1	1	1	1	1	1	1	1	1	1	1	1	1	1	1	1	1	1	1	1	1	1	1
DARS	1	1	1	1	1	1	1	1	1	1	1	1	1	1	1	1	1	1	1	1	1	1	1	1	1	1	1	1	1	1	1	1	1	1	1	1	1	1	1	1	1	1	1	1	1	1	1	1	1	1
CXCR4	1	1	1	1	1	1	1	1	1	1	1	1	1	1	1	1	1	1	1	1	1	1	1	1	1	1	1	1	1	1	1	1	1	1	1	1	1	1	1	1	1	1	1	1	1	1	1	1	1	1
PRPF40A	1	1	1	1	1	1	1	1	1	1	1	1	1	1	1	1	1	1	1	1	1	1	1	1	1	1	1	1	1	1	1	1	1	1	1	1	1	1	1	1	1	1	1	1	1	1	1	1	1	1
MARCH7	1	1	1	1	1	1	1	1	1	1	1	1	1	1	1	1	1	1	1	1	1	1	1	1	1	1	1	1	1	1	1	1	1	1	1	1	1	1	1	1	1	1	1	1	1	1	1	1	1	1
PSMD14	1	1	1	1	1	1	1	1	1	1	1	1	1	1	1	1	1	1	1	1	1	1	1	1	1	1	1	1	1	1	1	1	1	1	1	1	1	1	1	1	1	1	1	1	1	1	1	1	1	1
SSB	1	1	1	1	1.32667215099069	1	1	1	1	1	1	1	1	1	1	1	1	1	1	1	1	1	1	1.23622562398398	1	1	1.39487732786195	1	1	1	1	1	1	1	0.742161325142162	1	1	1	1	1	1.27024854713074	1	1	1	1.2411883889856	1.28881428967845	1	1	1	1
H3F3AP4	1	1	1	1	1	1	1	1	1	1	1	1	1	1	1	1	1	1	1	1	1	1	1	1	1	1	1	1	1	1	1	1	1	1	1	1	1	1	1	1	1	1	1	1	1	1	1	1	1	1
TFPI	1	1	1	1	1	1	1	1	1	1	1	1	1	1	1	1	1	1	1	1	1	1	1	1	1	1	1	1	1	1	1	1	1	1	1	1	1	1	1	1	1	1	1	1	1	1	1	1	1	1
COL3A1	1	1	1	1	1	1	1	1	1	1	1	1	1	1	1	1	1	1	1	1	1	1	1	1	1	1	1	1	1	1	1	1	1	1	1	1	1	1	1	1	1	1	1	1	1	1	1	1	1	1
ASNSD1	1	1	1	1	1	1	1	1	1	1	1	1	1	1	1	1	1	1	1	1	1	1	1	1	1	1	1	1	1	1	1	1	1	1	1	1	1	1	1	1	1	1	1	1	1	1	1	1	1	1
ORMDL1	1	1	1	1	1	1	1	1	1	1	1	1	1	1	1	1	1	1	1	1	1	1	1	1	1	1	1	1	1	1	1	1	1	1	1	1	1	1	1	1	1	1	1	1	1	1	1	1	1	1
MYO1B	1	1	1	1	1	1	1	1	1	1	1	1	1	1	1	1	1	1	1	1	1	1	1	1	1	1	1	1	1	1	1	1	1	1	1	1	1	1	1	1	1	1	1	1	1	1	1	1	1	1
STK17B	1	1	1	1	1	1	1	1	1	1	1	1	1	1	1	1	1	1	1	1	1	1	1	1	1	1	1	1	1	1	1	1	1	1	1	1	1	1	1	1	1	1	1	1	1	1	1	1	1	1
HSPD1	1	1	1	1	1	1	1	1	1	1	1	1	1	1	1	1	1	1	1	1	1	1	1	1	1	1	1	1	1	1	1	1	1	1	1	1	1	1	1	1	1	1	1	1	1	1	1	1	1	1
NDUFS1	1	1	1	1	1	1	1	1	1	1	1	1	1	1	1	1	1	1	1	1	1	1	1	1	1	1	1	1	1	1	1	1	1	1	1	1	1	1	1	1	1	1	1	1	1	1	1	1	1	1
EEF1B2	1	1	1	1	1	1	1	1	1	1	1	1	1	1	1	1	1	1	1	1	1	1	1	1	1	1	1	1	1	1	1	1	1	1	1	1	1	1	1	1	1	1	1	1	1	1	1	1	1	1
ATIC	1	1	1	1	1	1	1	1	1	1	1	1	1	1	1	1	1	1	1	1	1	1	1	1	1	1	1	1	1	1	1	1	1	1	1	1	1	1	1	1	1	1	1	1	1	1	1	1	1	1
CNPPD1	1	1	1	1	1	1	1	1	1	1	1	1	1	1	1	1	1	1	1	1	1	1	1	1	1	1	1	1	1	1	1	1	1	1	1	1	1	1	1	1	1	1	1	1	1	1	1	1	1	1
MFF	1	1	1	1	1	1	1	1	1	1	1	1	1	1	1	1	1	1	1	1	1	1	1	1	1	1	1	1	1	1	1	1	1	1	1	1	1	1	1	1	1	1	1	1	1	1	1	1	1	1
PSMD1	0.735551031403516	1	1	1	1	1.4525015339354	1	1	1	1	1	1	1	1.3690457714566	1	1	1	1.23636923111439	1.2884583622142	1.33296973850081	1.36692992361242	1.30284630175027	1	1	1.31106642494819	1.26579358598011	1.47527898431937	1	1	0.740803999019456	1	1.58478626651786	1	1	1	0.500804562136845	1.24059121232061	1.23959247664996	1	1	0.598679206009601	1.34271513044902	1	1	1	1	1.30963362704688	1	1	1
COPS8	0.716844943754382	1	1	1	0.748359633440926	1.42399678595095	1	1	1	1	1	1.24488233345757	1	1.37852469981634	1	1	1	1.28429186071298	1.29869392185616	1.36070658655489	1.38332037156389	1.34823869403774	1	1	1.34976302223139	1.266552061639	1.53323012213032	1	1	0.74316469799549	1	1.61935712555486	1	1	1	0.456158219465097	1	1.24206687274	1	1	0.584913160179105	1.38270493618422	1	1	1	1	1.31035647097757	1	1	1
LRRFIP1	0.710952235283751	1	1	1	0.737191233758701	1.41322600069444	1	1	1	1	1	1.24534756307964	1	1.37641211026943	1	1	1	1.28778999901763	1.29815425278528	1.36575817296625	1.38298404156025	1.35381241468519	1	1	1.35779036382825	1.27035917311893	1.54127866089564	1	1	0.744738404953912	1	1.62512038596501	1	1	1	0.446694531174466	1	1.23740132451663	1	1	0.587571893314813	1.38375735553665	1	1	1	1	1.30497589294797	1	1	1
MYEOV2	0.692232138544174	1	1	1	0.7222437083453	1.39989898018705	1	1	1	1	1	1.26253597764498	1	1.3833993193819	1.24480664944789	1	1	1.30433874423022	1.28794273096401	1.3845565957	1.38880919020617	1.3748497274907	1	1	1.39171100994574	1.28694882872099	1.57140407947782	1	1	1	1	1.6379361330731	1	1	1	0.418711239444151	1	1	1	1	0.58896451333506	1.39991066903255	1	1	1	1	1.28610111894524	1	1	1
HDLBP	0.684377203853747	1	1	1	0.70765164774123	1.38944003439677	1	1	1	1	1	1.27227912841829	1	1.39084965558814	1.26324216272977	1.2379951982625	1	1.30909590556818	1.27380563061815	1.39752153666667	1.3974457038932	1.38749926969456	1	1	1.41594562346641	1.29253138965611	1.58972572994917	1	1	1	1	1.64619511085012	1	1	1	0.402074880633312	1	1	1	1	0.584972938044317	1.40990157897977	1	1	1	1	1.2775770689988	1	1	1
SEPT2	0.679400733559858	1	1	1	0.69871572381641	1.38526541476491	1	1	1	1	1	1.27649935458369	1	1.3927676689097	1.26989848718185	1.25286604150272	1	1.30476251021691	1.26378690461872	1.40306265679255	1.39853906185969	1.39747811736248	1	1	1.42768178885167	1.29241047537894	1.59771348747976	1	1	1	1	1.64805411550195	1	1	1	0.397032480090698	1	1	1	1	0.578054744387414	1.41448805018273	1	1	1	1	1.27232733939687	1	1	1
CHST12	1.37257338069694	0.613318297273633	1.28360543011677	1.45261373879063	1	1	1	1	1	1	1.4047435451069	1	1	1.39849407781444	0.607852326630711	1.55688132702506	1	1.78208803290754	1	1	1.49367480928233	1.76911162491845	1.96473425219242	1	0.715876369880193	1	1	1	0.556042004039408	1	0.621682530066512	1	1	1	1.50388798981337	1	1.61361174909644	1	1	1	1.44941042096819	0.540818206581816	1.42607433760588	1.3507037613464	0.537743925707949	1	1.44675906608561	0.672794756037157	1.3715938057884	1
BRAT1	1.36840008427067	0.614897894044832	1.28000737392978	1.45141794289578	1	1	1	1	1	1	1.40248088507429	1	1	1.38841195346659	0.606846833096149	1.55202011212467	1	1.76498140254537	1	1	1.49548898789442	1.75137666650948	1.95393819971132	1	0.713486347117801	1	1	1	0.567617361433166	1	0.622886058840374	1	1	1	1.48652750930591	1	1.6074949902778	1	1	1	1.44118251590566	0.550790532846978	1.41831503624363	1.33519669774145	0.517381765843195	1	1.44251020472281	0.676173150398462	1.36580013244497	1
ACTB	1.36273975372359	0.617099724241588	1.27202720791098	1.44616940899889	1	1	1	1	1	1	1.40182127703	1	1	1.38033632698598	0.606848220583156	1.54649079773709	1	1.74756241226551	1	1	1.49870364088685	1.73623071729607	1.94538601767792	1	0.714550803251934	1	1	1	0.577346966852149	1	0.620953447210877	1	1	1	1.47313360655732	1	1.60043684030345	1	1	1	1.43441250979233	0.561306818144417	1.410707573084	1.32153632338847	0.49864221590342	1	1.44275144203349	0.679524606617894	1.35637567159063	1
AIMP2	1.35729029988486	0.621771154023756	1.25773538023183	1.43333196611862	1	1	1	1	1	1	1.40292387290271	1	1	1.36945276757787	0.608231954960601	1.53969688268603	1	1.71302427820298	1	1	1.5070142661438	1.71084139426171	1.92648794192868	1	0.720559686110441	1	1	1	0.593029181090678	1	0.61865497712355	1	1	1	1.45173237567567	1	1.58450457738889	1	1	1	1.42812650836127	0.578823696717754	1.39320733052622	1.29721096043745	0.466616227931101	1	1.44553042345631	0.689310673715058	1.34140740770656	1
EIF2AK1	1.35292518176899	0.623745441793848	1.24961252514855	1.42924695473528	1	1	1	1	1	1	1.40069468868802	1	1	1.36207786925984	0.607934818906693	1.53380216956791	1	1.69900546218612	1	1	1.50501967947506	1.69502388927602	1.91151581849021	1	0.726117618871753	1	1	1	0.601492214883303	1	0.611921365452838	1	1	1	1.43907557246037	1	1.57378547774055	1	1	1	1.42676810206407	0.585953980959088	1.38165107809449	1.27959125384355	0.451432272596291	1	1.44361113304617	0.693982800051223	1.33265406649801	1
KDELR2	1.34374180187161	0.630209047299879	1.23508589841932	1.4210535278675	0.744246172056554	1	1	1	1	1	1.3965907220908	1	1	1.35665893106386	0.614888522660454	1.52169545191788	1	1.66750004794701	1	1	1.49619628360609	1.66035613196445	1.87823857129021	1	0.740521141942251	1	1	1	0.614222037907798	1	0.597629764642265	1	1	1	1.41376373205774	1	1.55880487499553	1	1	1	1.41389732363449	0.595459765682368	1.36443092045029	1.2405300709664	0.425121986236385	1	1.44742782080992	0.704041901739908	1.31485353504526	1
ARL4A	1.33510426295091	0.633490383624927	1	1.41527689503791	0.734499676215922	1	1	1	1	1	1.39191969633266	1	1	1.3499278934576	0.623950121710587	1.51210813275968	1	1.63770942029459	1	1	1.48279335625725	1.62815303068321	1.84728156479695	1	1	1	1	1	0.62615308331073	1	0.584795048189444	1	1	1	1.38814207246363	1	1.54566005253225	1	1	1	1.40951452609968	0.599305247044769	1.34755414300354	1	0.406052970941154	1	1.4481686849233	0.715449028650256	1.30239975465612	1
AHR	1.32838713281811	0.626331856127139	1	1.42148796466568	0.727491138678565	1	1	1	1	1	1.38706004230271	1	1	1.34818106988602	0.626383010267643	1.5061344130693	1	1.59955789436142	1	1	1.45222292404181	1.57736267803028	1.805586389814	1	1	1	1	1	0.649756580427986	1	0.557375221906498	1	1	1	1.3581840331465	1	1.52873712239271	1	1	1	1.39641952526738	0.603978217503864	1.33918873338433	1	0.377251638148277	1	1.45012904157326	0.734073828953239	1.28878747848931	1
TOMM7	1.3243558933137	0.624915458923571	1	1.42670355903936	0.723053675435818	1	1	1	1	1	1.38625250051448	1	1	1.34690719719578	0.628529836706867	1.50538452300597	1	1.5879954200382	1	1	1.43972435539697	1.56363432496508	1.79318539099658	1	1	1	1	1	0.657587345137532	1	0.550919697629407	1	1	1	1.34933840588238	1	1.52075253419499	1	1	1	1.38765438005072	0.606626110380204	1.33745551766184	1	0.369233119757724	1	1.44817502300713	0.740624865236124	1.28559384375269	1
NUPL2	1.32124346521648	0.622373483555379	1	1.43156148181718	0.7199894209542	1	1	1	1	1	1.38650890447707	1	1	1.3454894327096	0.630587038622346	1.50477746535581	1	1.57655364154477	1	1	1.42741990657097	1.55014416405253	1.78097523910513	1	1	1	1	1	0.664825773181535	1	0.544299841018067	1	1	1	1.34066837458781	1	1.51062080394455	1	1	1	1.37860787780104	0.608817153266072	1.3332863769639	1	0.362797285749327	1	1.4461178132202	0.746901069300742	1.28329567783617	1
GPNMB	1.31686540544753	0.620006596676237	1	1.43256793968462	0.716979050364021	1	1	1	1	1	1.38526624794259	1	1	1.34261288082846	0.634475401075359	1.50385256519784	1	1.56606732249158	1	1	1.41394979970249	1.53829894422394	1.76752075862093	1	1	1	1	1	0.671107869122047	1	0.536526354786985	1	1	1	1.33509503419818	1	1.5036769708052	1	1	1	1.36580365636027	0.613346563103834	1.33188877150986	1	0.356439176621461	1	1.44261849965893	1	1.27750299055656	1
MALSU1	1.3112486108759	0.619785183599695	1	1.43203006202952	0.712034931815705	1	1	1	1	1	1.38258817398201	1	1	1.33833842130109	0.640557821130917	1.50173698876986	1	1.55429299423967	1	1	1.3993550187616	1.52525553674718	1.75286633607901	1	1	1	1	1	0.677058033339472	1	0.531314603186043	1	1	1	1.32866758875019	1	1.4954351454468	1	1	1	1.35576393303932	0.616176983116403	1.32892367010383	1	0.352035917569807	1	1.43773686111602	1	1.27045500972069	1
CYCS	1.2970820106459	0.618706474250124	1.23592351163422	1.42962754125415	0.70535789604879	1	1	1	1	1	1.37607400449955	1	1	1.32244456361552	0.648902512235325	1.49718533980456	1	1.53208822783206	1	1	1.37423137682103	1.49253084451884	1.71968202023656	1	1	1	1	1	0.68615023546057	1	0.523692325110873	1	1	1	1.31069194185489	1	1.47179790118169	1	1	1	1.34009634696434	0.615451254936082	1.32590166759186	1	0.347600894491219	1	1.42683164913812	1	1.25351964378942	1
HNRNPA2B1	1.28957891133921	0.617480359310124	1	1.42784215056849	0.701289984803441	1	1	1	1	1	1.37315762603066	1	1	1.31317846399277	0.651499522819744	1.49691639471951	1	1.5196453700309	1	1	1.36187804468578	1.47744310347575	1.70354078341241	1	1	1	1	1	0.69178115945587	1	0.521445534129563	1	1	1	1.30175834164242	1	1.45979656475182	1	1	1	1.33582580227266	0.615648124570081	1.32366294841885	1	0.344364339202314	1	1.42097324258333	1	1.24383244944654	1
CBX3	1.2835473704579	0.616944285951857	1	1.42526248503661	0.695938763114719	1	1	1	1	1	1.36951172999681	1	1	1.30331972121235	0.654914211001318	1.49818179923436	1	1.50867435126631	1	1	1.35089848133846	1.46186342052558	1.68861576001778	1	1	1	1	1	0.698333597515293	1	0.520175027563286	1	1	1	1.29425612013083	1	1.44726786350066	1	1	1	1.33048996946318	0.616785869337866	1.32116167946036	1	0.341630650400116	1	1.41444831268504	1	1.23500365593401	1
TAX1BP1	1.27665990513551	0.616475286884849	1	1.42126166208163	0.688734949275394	1	1	1	1	1	1.36651760201992	1	1	1.2942758606211	0.656821782501458	1.49955144791408	1	1.498448659214	1	1	1.33888283848322	1.44513993831731	1.67247886626227	1	1	1	1	1	0.705653931406519	0.740131733543556	0.517422336565244	1	1	1	1.28555147109362	1	1.43559297215271	1	1	1	1.32347918964096	0.61823613819359	1.31715423008933	1	0.340585587233362	1	1.40662356927456	1	1	1
GARS	1	1	1	1	1	1	1	1	1	1	1	1	1	1	1	1	1	1	1	1	1	1	1	1	1	1	1	1	1	1	1	1	1	1	1	1	1	1	1	1	1	1	1	1	1	1	1	1	1	1
AQP1	1	1	1	1	1	1	1	1	1	1	1	1	1	1	1	1	1	1	1	1	1	1	1	1	1	1	1	1	1	1	1	1	1	1	1	1	1	1	1	1	1	1	1	1	1	1	1	1	1	1
AVL9	1	1	1	1	1	1	1	1	1	1	1	1	1	1	1	1	1	1	1	1	1	1	1	1	1	1	1	1	1	1	1	1	1	1	1	1	1	1	1	1	1	1	1	1	1	1	1	1	1	1
KBTBD2	1	1	1	1	1	1	1	1	1	1	1	1	1	1	1	1	1	1	1	1	1	1	1	1	1	1	1	1	1	1	1	1	1	1	1	1	1	1	1	1	1	1	1	1	1	1	1	1	1	1
FKBP9	1	1	1	1	1	1	1	1	1	1	1	1	1	1	1	1	1	1	1	1	1	1	1	1	1	1	1	1	1	1	1	1	1	1	1	1	1	1	1	1	1	1	1	1	1	1	1	1	1	1
SEPT7	1	1	1	1	1	1	1	1	1	1	1	1	1	1	1	1	1	1	1	1	1	1	1	1	1	1	1	1	1	1	1	1	1	1	1	1	1	1	1	1	1	1	1	1	1	1	1	1	1	1
ELMO1	1	1	1	1	1	1	1	1	1	1	1	1	1	1	1	1	1	1	1	1	1	1	1	1	1	1	1	1	1	1	1	1	1	1	1	1	1	1	1	1	1	1	1	1	1	1	1	1	1	1
PSMA2	1	1	1	1	1	1	1	1	1	1	1	1	1	1	1	1	1	1	1	1	1	1	1	1	1	1	1	1	1	1	1	1	1	1	1	1	1	1	1	1	1	1	1	1	1	1	1	1	1	1
MRPL32	1	1	1	1	1	1	1	1	1	1	1	1	1	1	1	1	1	1	1	1	1	1	1	1	1	1	1	1	1	1	1	1	1	1	1	1	1	1	1	1	1	1	1	1	1	1	1	1	1	1
BLVRA	1	1	1	1	1	1	1	1	1	1	1	1	1	1	1	1	1	1	1	1	1	1	1	1	1	1	1	1	1	1	1	1	1	1	1	1	1	1	1	1	1	1	1	1	1	1	1	1	1	1
MRPS24	1	1	1	1	1	1	1	1	1	1	1	1	1	1	1	1	1	1	1	1	1	1	1	1	1	1	1	1	1	1	1	1	1	1	1	1	1	1	1	1	1	1	1	1	1	1	1	1	1	1
DBNL	1	1	1	1	1	1	1	1	1	1	1	1	1	1	1	1	1	1	1	1	1	1	1	1	1	1	1	1	1	1	1	1	1	1	1	1	1	1	1	1	1	1	1	1	1	1	1	1	1	1
YKT6	1	1	1	1	1	1	1	1	1	1	1	1	1	1	1	1	1	1	1	1	1	1	1	1	1	1	1	1	1	1	1	1	1	1	1	1	1	1	1	1	1	1	1	1	1	1	1	1	1	1
OGDH	1	1	1	1	1	1	1	1	1	1	1	1	1	1	1	1	1	1	1	1	1	1	1	1	1	1	1	1	1	1	1	1	1	1	1	1	1	1	1	1	1	1	1	1	1	1	1	1	1	1
H2AFV	1	1	1	1	1	1	1	1	1	1	1	1	1	1	1	1	1	1	1	1	1	1	1	1	1	1	1	1	1	1	1	1	1	1	1	1	1	1	1	1	1	1	1	1	1	1	1	1	1	1
TBRG4	1	1	1	1	1	1	1	1	1	1	1	1	1	1	1	1	1	1	1	1	1	1	1	1	1	1	1	1	1	1	1	1	1	1	1	1	1	1	1	1	1	1	1	1	1	1	1	1	1	1
SEC61G	1	1	1	1	1	1	1	1	1	1	1	1	1	1	1	1	1	1	1	1	1	1	1	1	1	1	1	1	1	1	1	1	1	1	1	1	1	1	1	1	1	1	1	1	1	1	1	1	1	1
VOPP1	1	1	1	1	1	1	1	1	1	1	1	1	1	1	1	1	1	1	1	1	1	1	1	1	1	1	1	1	1	1	1	1	1	1	1	1	1	1	1	1	1	1	1	1	1	1	1	1	1	1
GUSB	1	1	1	1	1	1	1	1	1	1	1	1	1	1	1	1	1	1	1	1	1	1	1	1	1	1	1	1	1	1	1	1	1	1	1	1	1	1	1	1	1	1	1	1	1	1	1	1	1	1
ASL	1	1	1	1	1	1	1	1	1	1	1	1	1	1	1	1	1	1	1	1	1	1	1	1	1	1	1	1	1	1	1	1	1	1	1	1	1	1	1	1	1	1	1	1	1	1	1	1	1	1
SBDS	1	1	1	1	1	1	1	1	1	1	1	1	1	1	1	1	1	1	1	1	1	1	1	1	1	1	1	1	1	1	1	1	1	1	1	1	1	1	1	1	1	1	1	1	1	1	1	1	1	1
EIF4H	1	1	1	1	1	1	1	1	1	1	1	1	1	1	1	1	1	1	1	1	1	1	1	1	1	1	1	1	1	1	1	1	1	1	1	1	1	1	1	1	1	1	1	1	1	1	1	1	1	1
RFC2	1	1	1	1	1	1	1	1	1	1	1	1	1	1	1	1	1	1	1	1	1	1	1	1	1	1	1	1	1	1	1	1	1	1	1	1	1	1	1	1	1	1	1	1	1	1	1	1	1	1
TMEM120A	1	1	1	1	1	1	1	1	1	1	1	1	1	1	1	1	1	1	1	1	1	1	1	1	1	1	1	1	1	1	1	1	1	1	1	1	1	1	1	1	1	1	1	1	1	1	1	1	1	1
MDH2	1	0.717798247854711	1	1	0.684208589241108	1	1	0.47496828323981	0.700888968943291	1	1	1	0.615171335980735	0.549757912144294	0.612137193051114	1	1	1	1	1	1	1	0.750727967955165	0.716166265061716	1	1	1	1	1	0.640668653483605	0.594963225428327	1	1	1	1	1	1	1	1	1	1	0.74547515386984	0.733044237879179	1	1	1	1	1	1	1
GNAI1	1	1	1	1	0.735067655734339	1	1	0.486345826002732	1	1	1	1	0.621983591680271	0.552603194171557	0.615087016571006	1	1	1	1	1	1	1	0.721987173422337	0.719526527234049	1	1	1	1	1	0.702097892050971	0.631966111700019	1	1	1	1	1	1	1	1	1	1	1	0.715991539478102	1	1	1	1	1	1	1
CYP51A1	1	1	1	1	1	1	1	1	1	1	1	1	1	1	1	1	1	1	1	1	1	1	1	1	1	1	1	1	1	1	1	1	1	1	1	1	1	1	1	1	1	1	1	1	1	1	1	1	1	1
GNG11	1	1	1	1	1	1	1	0.493671200656189	1	1	1	1	0.62228479699405	0.564774276436556	0.616555230608884	1	1	1	1	1	1	1	0.709031181072897	0.717208710622683	1	1	1	1	1	0.72076785149026	0.64014388737618	1	1	1	1	1	1	1	1	1	1	1	0.70773770085167	1	1	1	1	1	1	1
PON2	1	1	1	1	1	1	1	1	1	1	1	1	1	1	1	1	1	1	1	1	1	1	1	1	1	1	1	1	1	1	1	1	1	1	1	1	1	1	1	1	1	1	1	1	1	1	1	1	1	1
SHFM1	1	1	1	1	1	1	1	0.510881354966276	1	1	0.742490876289262	1	0.637022888935689	0.584273727742236	0.625619093106164	1	1	1	1	1	1	1	0.707522941567898	0.727249137093339	1	1	1	1	1	1	0.654450501051812	1	1	1	1	1	1	1	1	1	1	1	0.71490028144473	1	1	1	1	1	0.752200615589204	1
BUD31	1	1	1	1	1	1	1	1	1	1	1	1	1	1	1	1	1	1	1	1	1	1	1	1	1	1	1	1	1	1	1	1	1	1	1	1	1	1	1	1	1	1	1	1	1	1	1	1	1	1
ZNF655	1	1	1	1	1	1	1	0.542629221824117	1	1	0.698998254399819	1	0.647438834736291	0.629182282020082	0.640240104227503	1	1	1	1	1	1	1	0.711117269871886	0.748186694447892	1	1	0.737335656884356	1	1	1	0.697171526795074	1	1	1	1	1	1	1	1	1	1	1	1	1	1	1	1	1	0.739148587471148	1
COPS6	1	1	1	1	1	1	1	1	1	1	1	1	1	1	1	1	1	1	1	1	1	1	1	1	1	1	1	1	1	1	1	1	1	1	1	1	1	1	1	1	1	1	1	1	1	1	1	1	1	1
MCM7	1	1	1	1	1	1	1	1	1	1	1	1	1	1	1	1	1	1	1	1	1	1	1	1	1	1	1	1	1	1	1	1	1	1	1	1	1	1	1	1	1	1	1	1	1	1	1	1	1	1
PCOLCE	1	1	1	1	1	1	1	1	1	1	1	1	1	1	1	1	1	1	1	1	1	1	1	1	1	1	1	1	1	1	1	1	1	1	1	1	1	1	1	1	1	1	1	1	1	1	1	1	1	1
PLOD3	1	1	1	1	1	1	1	0.636962305224053	1	1	0.708558698137212	1	0.607015271609979	1	0.635606641516801	1	1	1.31311346055662	0.751346921169159	1	1	1	0.715572379727267	1	1	1	0.625374134235333	1	1	1	1	1	1	1	1	1	1	1	1	1	1	1	1	1	1	1	1	0.723246276596282	0.713427677972096	1
FIS1	1	1	1	1	1	1	1	0.654110035502667	1	1	0.705833551932803	1	0.594439577601388	1	0.638071961524161	1	1	1.33054846471741	0.738619321642515	1	1	1	0.715012314203674	1	1	0.743920994182504	0.614539343406469	1	1	1	1	1	1	1	1	1	1	1	1	1	1	1	1	1	1	1	1	0.703892263974747	0.713453540787799	1
UPK3BL	1	1	1	1	1	1	1	0.68125829137751	1	1	0.697535930827167	1	0.5880563046258	1	0.638218605285068	1	1	1.34462807811957	0.717999678431893	1	1	1	0.699730974537271	1	1	0.718593580433601	0.597744249182874	1	1	1	1	1	1	1	1	1	1	1	1	1	1	1	1	1	1	1	1	0.686758219222351	0.706492054544202	1
PMPCB	1	1	1	1	1	1	1	0.691672038239836	1	1	0.695033905041936	1	0.585627339430179	1	0.640142000529164	1	1	1.34743484551853	0.710713782241423	1	1	1	0.693781667442448	1	0.745877125537605	0.708207604389372	0.59133603838959	1	1	1	1	1	1	1	1	1	1	1	1	1	1	1	1	1	1	1	1	0.682445662608209	0.705464059915618	1
SRPK2	1	1	1	1	1	1	1	0.71154237393116	1	1	0.687655754884157	1	0.583798949073474	1	0.643371459686272	1	1	1.35439955635593	0.697927028317332	1	1	1	0.682317087175997	1	0.723446045209946	0.686979678309021	0.578110361433498	1	1	1	1	1	1	1	1	1	1	1	1	1	1	1	1	1	1	1	1	0.671391857921247	0.697725978431592	1
NAMPT	1	1	1	1	1	1	1	0.725272888344944	1	1	0.681256229602194	1	0.589524584978726	1	0.652678813741861	0.734268951453471	1	1.35723755275995	0.68764530112798	1	1	1	0.672992188976319	0.739004866712117	0.697326745991169	0.667121055286757	0.560860485476787	1	1	1	1	1	1	1	1	1	1	1	1	1	1	1	1	1	1	1	1	0.654052813521431	0.687841459929936	1
HBP1	1	1	1	1	1	1	1	0.73300275653565	1	1	0.677115559969315	1	0.592082464085625	1	0.659424856747493	0.722058792136942	1	1.36105459486048	0.682048014152717	1	1	1	0.666794860036839	0.732743265879765	0.686451623170261	0.655974284792739	0.551798658860681	1	1	1	1	1	1	1	1	1	1	1	1	1	1	1	1	1	1	1	1	0.645734389126698	0.680791873763604	1
DLD	1	1	1	1	1	1	1	0.738206226912108	1	1	0.670479534100033	1	0.595169919892241	1	0.667137520641623	0.712513767713381	1	1.36419972784933	0.677305145536668	1	1	1	0.663026061920158	0.727466971709083	0.678236454939456	0.645708195967915	0.541512934031913	1	1	1	1	1	1	1	1	1	1	1	1	1	1	1	1	1	1	1	1	0.637361162784569	0.676399182786777	1
LAMB1	1	1	1	1	1	1	1	0.741041233869139	1	1	0.664906606347852	1	0.595604675923497	1	0.673985002278781	0.70262787434877	1	1.36504410572387	0.670183134485052	1	1	1	0.656769318495663	0.719834822251118	0.668674058715889	0.6333834611789	0.529906511734836	1	1	1	1	1	1	1	1	1	0.745646219336272	1	1	1	1	1	1	1	1	1	1	0.626103048246099	0.67289077554099	1
PNPLA8	1	1	1	1	1	1	1	0.74635244217385	1	1	0.658371239117729	1	0.598106684809374	1	0.683389660306149	0.694131570152948	1	1.36504531380219	0.662048277867667	1	1	1	0.652791951914873	0.711821062390487	0.66159000897157	0.621860382742772	0.518043013057659	1	1	1	1	1	1	1	1	1	0.737928652135633	1	1	1	1	1	1	1	1	1	1	0.616697296853169	0.669559109534943	1
CAV2	1	1	1	1	0.744346750312127	1	1	1	1	1	0.645812233313454	1	0.60108321657207	1	0.718175370664256	0.68106231342884	1	1.35290366104946	0.643928880290296	1	1	1	0.644679773265503	0.701245753825941	0.652390677091588	0.597341457755059	0.486515250755083	1	1	1	1	1	1	1	1	1	0.710064968909802	1	1	1	1.24576772157996	1	1	1	1	1	1	0.595577063407256	0.666237628790227	1
FAM3C	1	1	1	1	0.716803095660152	1	1	1	1	1	0.621519298006946	1	0.591560658882825	1	0.747909486681858	0.667687171563808	1	1.32374324868525	0.614918015835096	1	0.746475619034347	1	0.633619158241818	0.698061057463209	0.639026492435165	0.574390376028677	0.453921434319049	1	1	1	1	1	1	1	1	1	0.670531513877193	1	1	1	1.26108592531094	1	1	1	1	1	1	0.586028205744234	0.652274151315848	1
SND1	1	1	1	1	0.675037343714766	1	1	1	1	1	0.585701574401487	1	0.574305918024918	1	1	0.651967901556465	1	1.29540707313157	0.575896825571023	1	0.725255532623477	1	0.613568162953026	0.685791575698604	0.61795588816314	0.544058745185542	0.429945840447197	1	1	1	1	1	1	1	1	1	0.634727522474031	1	1	1	1.26435422906929	1	1	1	1	1	1	0.586593545421465	0.641675817914468	1
IMPDH1	1	1	1	1	0.661107061588267	1	1	1	1	1	0.572376037013507	1	0.569514525020035	1	1	0.645837681627806	1	1.28421260606624	0.562923613992155	1	0.717897787640419	1	0.603835942568699	0.680782131034923	0.60945572393673	0.531974191841726	0.421114209989344	1	1	1	1	1	1	1	1	1	0.620957515867633	1	1	1	1.26251697837671	1	1	1	1	1	1	0.588280878479377	0.638246876337105	1
ATP6V1F	1	1	1	1	0.635672122298994	1	1	1	1	1	0.541556411792708	1	0.559060925778158	1	1	0.630007835457293	1	1.25603176384848	0.538353641715098	1	0.708318710864925	1	0.585236352369204	0.668425557118588	0.595105369867	0.512595926856715	0.400290720548882	1	1	1	0.751872753654221	1	1	1	1	1	0.588712035575578	1	1	1	1.26076347651649	1	1	1	1	1	1	0.591757287420887	0.627915705603868	1
AKR1B1	1	1	1	1	0.594208275890101	1	1	1	1	1	0.508106596603104	1	0.548104495754323	1	1	0.60570737703674	1	1	0.501276470152809	1	0.696233314484962	1	0.543016401256815	0.665655835968671	0.570180334574953	0.480311643700249	0.371392969658192	1	1	1	0.737438700878092	1	1	1	1	1	0.537687056501339	1	1	1	1.27297939213234	1	1	1	1	1	1	0.599356045980246	0.608755141740723	1
BPGM	1	1	1	1	0.580665101111737	1	1	1	1	1	0.501586964275728	1	0.546761366470963	1	1	0.598182788098838	1	1	0.493045469478167	1	0.695403509252989	1	0.530720198280577	0.663203752639557	0.560371751755847	0.466859594973563	0.364347634660392	1	1	1	0.735464943944527	1	1	1	1	1	0.525100198881457	1	1	1	1.28262483237669	1	1	1	1	1	1	0.602835700759076	0.602540082550237	1
C7orf49	0.726961582240607	1	0.727371157613665	1	0.550220509897996	1	1	1	1	1	0.482308114816616	1	0.53556894141145	1	1	0.577040254067686	1	1	0.470297977142717	1	0.688320615884594	1	0.505834766865232	0.651957460239467	0.534125141915127	0.43921174396714	0.345734275960234	1	1	1	0.733367445928018	1	1	1	1	0.751806400091493	0.492918947707799	0.738884109430661	1	1	1.30397998042141	1	1	0.749926678056363	1	0.739048239054281	1	0.599951501079089	0.582965204792501	1
C7orf73	0.70549579302733	1	0.710651349371952	1	0.533408312439224	1	1	1	1	1	0.467908343244833	1	0.528563098630025	1	1	0.561974033290467	1	1	0.458054231622117	1	0.684561711842318	1	0.48834723215242	0.641640189804369	0.520125831504219	0.424481211934202	0.334633897534641	1	1	1	0.728044483382679	1	1	1	1	0.74235587345894	0.475633144372824	0.731272425446599	1	0.74783910225661	1.31022443433869	1	1	0.745001215243657	1	0.729384198380195	1	0.596943351430499	0.569152169128445	1
CREB3L2	0.683442988812118	1	0.692240731543899	1	0.513838990927271	1	1	1	1	1	0.456039511933673	0.731491568706904	0.523895936780917	1	1	0.545812530095449	1	1	0.444499911503636	1	0.679953213875929	0.747745622476958	0.467388229303085	0.63023909230672	0.504937314968857	0.409264615871529	0.32618522118806	0.749244125510676	1	1	0.721015399663646	1	1	1	1	0.735594071290035	0.456937313034157	0.725326632839177	1	0.73962521223153	1.3155724112593	1	1	0.740601485078523	1	0.719410871109497	1	0.592272593949372	0.55633878197008	1
LUC7L2	0.642985776586819	1	0.656636846133598	1	0.475918361451609	1	1	1	1	1	0.428153426109709	0.692607889029272	0.516367638148044	1	1	0.513287796895523	1	1	0.414410336973327	1	0.671795195268213	0.718251116030647	0.429868869883395	0.613308608663609	0.481029343819247	0.381250644607042	0.30616771975643	0.723783321959298	1	1	0.702672783417021	1	0.732000486573521	1	0.749861965149592	0.725231535635885	0.420220161578849	0.718977199418017	1	0.72637460820739	1.32183062722732	1	1	0.734395025973706	1	0.703611608999124	1	0.585465351879252	0.534335792987547	1
MRPS33	0.584257460870093	1	0.604909080892519	1	0.412235837257771	1	0.744652747354367	1	1	1	0.371266657713769	0.644367772128637	0.509604507955515	1	1	0.458564487374352	1	1	0.376443627706483	1	0.657258791487931	0.66954250890975	0.371809932985886	0.579717533002621	0.444022000805519	0.32830404370533	0.278063601760883	0.680903902938843	1	1	0.666203429115666	1	0.692219172881396	1	0.694869620527716	0.697576622548128	0.352235648263806	0.706096444405326	1	0.706560026961411	1.31327119284086	1	0.747047829907509	0.715706744176783	1	0.675036498699991	0.744920649319933	0.576090338639281	0.500405530164761	1
SSBP1	0.565051948433569	1	0.585824298337457	1	0.391604505725324	1	0.728073693885169	1	1	1	0.349162507145717	0.630722103933811	0.508509155918535	1	1	0.436813861824524	1	1	0.365366902622476	1	0.649174301858629	0.653578130296558	0.34928627153338	0.568051348391006	0.432309719173525	0.306747040698098	0.26972055406206	0.664928857139734	1	1	0.650354710723527	1	0.679626584586647	1	0.672691356499965	0.683005088944909	0.329379892501775	0.70255531275775	1	0.701740143122021	1.31017743315981	1	0.727418502072936	0.709295531944907	1	0.665256270554544	0.729348991627914	0.573803103463332	0.487804456864801	1
RARRES2	0.419589850029901	1	0.453676991218955	0.642138791131563	0.265074639868602	1	0.589231754731131	0.743003536522694	0.660713945235277	1	0.170262808664655	0.520946976325089	0.47889855545823	0.667272405165711	0.724738375930478	0.274959080224911	1	1	0.261037744791995	0.652108432990034	0.572888988605566	0.544022900865699	0.18362398156288	0.447947855798199	0.34252580414766	0.151469298706054	0.210143049839352	0.547847216200578	1	1	0.512808666106056	1	0.566273395382296	1	0.511453756286622	0.602439654094151	0.153636874788356	0.702341753679092	0.681306037752333	0.669511824601179	1.27309295206379	0.714191869226067	0.602932797715383	0.649236686026211	0.72484242090342	0.575968098719909	0.594743335829808	0.541556002905236	0.397033504438282	0.648310884474498
TMEM176A	0.374707012776546	1	0.384831273763105	0.590942329990805	0.2173256389818	1	0.523299772081489	0.724846721589347	0.616845546523866	1	0.0896848517699831	0.48562316779551	0.479067337080745	0.634762535319696	0.718593663757378	0.214060249886528	1	1	0.207808409276862	0.612615082867273	0.535799854806018	0.492948318856632	0.11793519983839	0.403357027231485	0.301932184982438	0.0967328875206945	0.196999499960507	0.506822809795367	0.747677845807535	1	0.456912123993574	1	0.533767703061219	0.74677830607903	0.45765840775713	0.577313521875147	0.0730637369921231	0.692367360885108	0.645136204819473	0.665779312268598	1.25968064311022	0.673926927798061	0.561191741507935	0.636810974301988	0.69824566017309	0.541737484013678	0.529423302313926	0.5367733686693	0.357552578191547	0.592977512727667
FASTK	0.367114673710196	1	0.364840217444805	0.579731824890461	0.20478811494211	1	0.507006814699469	0.725425416072513	0.606120941111812	1	0.0662787649234717	0.481752040811194	0.482558411765162	0.629542220884735	0.72209408655435	0.200038764036519	1	1	0.195290506793391	0.607091256025326	0.527199487893798	0.482302616508151	0.0969612238046198	0.395873540625184	0.294284368503167	0.0839983470407485	0.197249220115263	0.499951033515012	0.749115626823867	1	0.44539182167129	1	0.52960683243807	0.750356923624176	0.445616331455011	0.573459686982175	0.0498550086550826	0.691342874143232	0.640467471116439	0.668447169297557	1.26088601737818	0.661944430836858	0.552283398368457	0.638606774746165	0.695740811476016	0.537469115142865	0.514794766675485	0.537262727420229	0.347625740829307	0.581078725140649
ABCF2	0.354542163184444	1	0.346659969531537	0.565765906567818	0.191688010530605	1	0.493008068629747	0.726950635711378	0.592493352773597	1	0.0421071128880516	0.473389867765353	0.486522484210958	0.627603084782568	0.721073654163323	0.184110205960507	1	1	0.185245937784811	0.599400616189825	0.521719612873758	0.471755453518155	0.0751268837395619	0.38731356461448	0.289722516461305	0.0712163708020492	0.193097197984152	0.488311114336783	0.746173086339709	1	0.434251525462052	1	0.520565624657866	0.749816008408208	0.431049595202843	0.570001219994994	0.0258188615791447	0.690421948853341	0.631121636830887	0.666889520934816	1.25704762380045	0.644701843273901	0.546415923589574	0.64105588930905	0.693717204317522	0.528365504087281	0.500176605882356	0.537769966111734	0.337962222853996	0.566859477532157
RHEB	0.331233046401699	1	0.314971656651481	0.545590372217786	0.165100498276622	1	0.459943823912909	0.722604505740776	0.565720179178505	1	0	0.45241985677048	0.48876786738595	0.616675303122357	0.722399047151497	0.149189341072888	0.742343241014329	0.718243068914528	0.166549117912026	0.580261390399898	0.50640219468863	0.446423904093476	0.0354314423566287	0.378368949166282	0.278723351272925	0.0524540100720637	0.175511782503012	0.463539265682808	0.737464869018066	1	0.416414625420693	1	0.499776934323085	0.747082700223963	0.397919884150942	0.563803394181022	0	0.68145935866161	0.616311849459176	0.659452539586037	1.25910014766029	0.617503848943105	0.540632034635383	0.646902995699419	0.686898055021268	0.510171101444722	0.474388330740904	0.525578742877021	0.321577263478623	0.530646355674871
DNAJB6	0.308034894680063	0.743261237626798	0.292047998554969	0.521317151297389	0.146638713043699	1	0.437451559621569	0.713117879360864	0.5527980212117	1	0	0.429168162353355	0.476614555653665	0.602671296014361	0.724861242480022	0.120343264084863	0.722600711604081	0.683194228397351	0.150618671236372	0.558483176208274	0.49050348929042	0.420960763068055	0.000289983815993877	0.369622748737589	0.271236193713468	0.0347076934078095	0.16085707964992	0.441064197559177	0.729577356079537	1	0.396680327782883	0.74827193472528	0.48493887160218	0.745718071530326	0.378781976570687	0.553829517993949	0	0.675276267257901	0.603025442438914	0.650067273372768	1.2614581984885	0.597837709865628	0.53040666662585	0.643020483588311	0.678682475431088	0.496482770901732	0.449416999895171	0.514807027810491	0.306295073329014	0.503557792781953
LARP4B	1	1	1	1	1	1	1	1	1	1	1	1	1	1	1	1	1	1	1	1	1	1	1	1	1	1	1	1	1	1	1	1	1	1	1	1	1	1	1	1	1	1	1	1	1	1	1	1	1	1
IDI1	1	1	1	1	1	1	1	1	1	1	1	1	1	1	1	1	1	1	1	1	1	1	1	1	1	1	1	1	1	1	1	1	1	1	1	1	1	1	1	1	1	1	1	1	1	1	1	1	1	1
PFKP	1	1	1	1	1	1	1	1	1	1	1	1	1	1	1	1	1	1	1	1	1	1	1	1	1	1	1	1	1	1	1	1	1	1	1	1	1	1	1	1	1	1	1	1	1	1	1	1	1	1
NET1	1	1	1	1	1	1	1	1	1	1	1	1	1	1	1	1	1	1	1	1	1	1	1	1	1	1	1	1	1	1	1	1	1	1	1	1	1	1	1	1	1	1	1	1	1	1	1	1	1	1
CALML3	1	1	1	1	1	1	1	1	1	1	1	1	1	1	1	1	1	1	1	1	1	1	1	1	1	1	1	1	1	1	1	1	1	1	1	1	1	1	1	1	1	1	1	1	1	1	1	1	1	1
GDI2	1	1	1	1	1	1	1	1	1	1	1	1	1	1	1	1	1	1	1	1	1	1	1	1	1	1	1	1	1	1	1	1	1	1	1	1	1	1	1	1	1	1	1	1	1	1	1	1	1	1
RBM17	1	1	1	1	1	1	1	1	1	1	1	1	1	1	1	1	1	1	1	1	1	1	1	1	1	1	1	1	1	1	1	1	1	1	1	1	1	1	1	1	1	1	1	1	1	1	1	1	1	1
NUDT5	1	1	1	1	1	1	1	1	1	1	1	1	1	1	1	1	1	1	1	1	1	1	1	1	1	1	1	1	1	1	1	1	1	1	1	1	1	1	1	1	1	1	1	1	1	1	1	1	1	1
CDC123	1	1	1	1	1	1	1	1	1	1	1	1	1	1	1	1	1	1	1	1	1	1	1	1	1	1	1	1	1	1	1	1	1	1	1	1	1	1	1	1	1	1	1	1	1	1	1	1	1	1
RSU1	1	1	1	1	1	1	1	1	1	1	1	1	1	1	1	1	1	1	1	1	1	1	1	1	1	1	1	1	1	1	1	1	1	1	1	1	1	1	1	1	1	1	1	1	1	1	1	1	1	1
VIM	1	1	1	1	0.480590409668836	1	1.42811719691493	1	0.516123546620681	0.730752882318947	1.40197841491492	1	1	1	1	0.515145353030765	1	1	1	1	1	1	1	1	1	1	0.175837378003269	1	0.723087705716238	1	0.49306282732016	1	1	0.732079651585519	1	1	1	0.427411751169792	0.598587352300274	0.733722997003584	1	1	1	1	1	1	1	1	1	1
PLXDC2	1	1	1	1	0.487118980024388	1	1.43060929790933	1	0.523282218679345	0.728559945721853	1.40019713477144	1	1	1	1	0.511581798789819	1	1	1	1	1	1	1	1	1	1	0.188810376962881	1	0.721680054741101	1	0.499720977202648	1	1	0.734202184016105	1	1	1	0.436650154195232	0.605964604120322	0.735495713657245	1	1	1	1	1	1	1	1	1	1
DNAJC1	1	1	1	1	0.496684370919942	1	1.43265825882128	1	0.533316659223119	0.727968853335385	1.39804887980415	1	1	1	1	0.507695412250554	1	1	1	1	1	1	1	1	1	1	0.199395173397138	1	0.720438480701391	1	0.509968607846932	1	1	0.738260922202788	1	1	1	0.44854590693371	0.612864134697432	0.737048928257475	1	1	1	1	1	1	1	1	1	1
KIAA1217	1	1	1	1	0.534681868072119	1	1.43678441439254	1	0.559714564621046	0.738382388905591	1.38605199982661	1	1	1	1	0.501475152543404	1	1	1	1	1	1	1	1	1	1	0.233742565487711	1	0.723161440950461	1	0.547309884229623	1	1	1	1	1	1	0.479624459808438	0.632324433744901	0.747377528317168	1	1	1	1	1	1	1	1	1	1
ABI1	1	1	1	1	0.549154809962898	1	1.43868739755838	1	0.568825464602465	0.745250954181526	1.38032525439479	1	1	1	1	0.501499462992678	1	1	1	1	1	1	1	1	1	1	0.248303995901191	1	0.727773491262895	1	0.561389400303876	1	1	1	1	1	1	0.491818953411194	0.642712118864172	0.751084839042485	1	1	1	1	1	1	1	1	1	1
MTPAP	1	1	1	1	1	1	1	1	1	1	1	1	1	1	1	1	1	1	1	1	1	1	1	1	1	1	1	1	1	1	1	1	1	1	1	1	1	1	1	1	1	1	1	1	1	1	1	1	1	1
ITGB1	1	1	1	1	1	1	1	1	1	1	1	1	1	1	1	1	1	1	1	1	1	1	1	1	1	1	1	1	1	1	1	1	1	1	1	1	1	1	1	1	1	1	1	1	1	1	1	1	1	1
NRP1	1	1	1	1	1	1	1	1	1	1	1	1	1	1	1	1	1	1	1	1	1	1	1	1	1	1	1	1	1	1	1	1	1	1	1	1	1	1	1	1	1	1	1	1	1	1	1	1	1	1
CREM	1	1	1	1	1	1	1	1	1	1	1	1	1	1	1	1	1	1	1	1	1	1	1	1	1	1	1	1	1	1	1	1	1	1	1	1	1	1	1	1	1	1	1	1	1	1	1	1	1	1
HNRNPF	1	1	1	1	1	1	1	1	1	1	1	1	1	1	1	1	1	1	1	1	1	1	1	1	1	1	1	1	1	1	1	1	1	1	1	1	1	1	1	1	1	1	1	1	1	1	1	1	1	1
ANXA8L1	1	1	1	1	1	1	1	1	1	1	1	1	1	1	1	1	1	1	1	1	1	1	1	1	1	1	1	1	1	1	1	1	1	1	1	1	1	1	1	1	1	1	1	1	1	1	1	1	1	1
CISD1	1	1	1	1	1	1	1	1	1	1	1	1	1	1	1	1	1	1	1	1	1	1	1	1	1	1	1	1	1	1	1	1	1	1	1	1	1	1	1	1	1	1	1	1	1	1	1	1	1	1
ARID5B	1	1	1	1	1	1	1	1	1	1	1	1	1	1	1	1	1	1	1	1	1	1	1	1	1	1	1	1	1	1	1	1	1	1	1	1	1	1	1	1	1	1	1	1	1	1	1	1	1	1
NRBF2	1	1	1	1	1	1	1	1	1	1	1	1	1	1	1	1	1	1	1	1	1	1	1	1	1	1	1	1	1	1	1	1	1	1	1	1	1	1	1	1	1	1	1	1	1	1	1	1	1	1
REEP3	1	1	1	1	1	1	1	1	1	1	1	1	1	1	1	1	1	1	1	1	1	1	1	1	1	1	1	1	1	1	1	1	1	1	1	1	1	1	1	1	1	1	1	1	1	1	1	1	1	1
CCAR1	1	1	1	1	1	1	1	1	1	1	1	1	1	1	1	1	1	1	1	1	1	1	1	1	1	1	1	1	1	1	1	1	1	1	1	1	1	1	1	1	1	1	1	1	1	1	1	1	1	1
SRGN	1	1	1	1	1	1	1	1	1	1	1	1	1	1	1	1	1	1	1	1	1	1	1	1	1	1	1	1	1	1	1	1	1	1	1	1	1	1	1	1	1	1	1	1	1	1	1	1	1	1
VPS26A	1	1	1	1	1	1	1	1	1	1	1	1	1	1	1	1	1	1	1	1	1	1	1	1	1	1	1	1	1	1	1	1	1	1	1	1	1	1	1	1	1	1	1	1	1	1	1	1	1	1
HK1	1	1	1	1	1	1	1	1	1	1	1	1	1	1	1	1	1	1	1	1	1	1	1	1	1	1	1	1	1	1	1	1	1	1	1	1	1	1	1	1	1	1	1	1	1	1	1	1	1	1
TSPAN15	1	1	1	1	1	1	1	1	1	1	1	1	1	1	1	1	1	1	1	1	1	1	1	1	1	1	1	1	1	1	1	1	1	1	1	1	1	1	1	1	1	1	1	1	1	1	1	1	1	1
SAR1A	1	1	1	1	1	1	1	1	1	1	1	1	1	1	1	1	1	1	1	1	1	1	1	1	1	1	1	1	1	1	1	1	1	1	1	1	1	1	1	1	1	1	1	1	1	1	1	1	1	1
PPA1	1	1	1	1	1	1	1	1	1	1	1	1	1	1	1	1	1	1	1	1	1	1	1	1	1	1	1	1	1	1	1	1	1	1	1	1	1	1	1	1	1	1	1	1	1	1	1	1	1	1
SGPL1	1	1	1	1	1	1	1	1	1	1	1	1	1	1	1	1	1	1	1	1	1	1	1	1	1	1	1	1	1	1	1	1	1	1	1	1	1	1	1	1	1	1	1	1	1	1	1	1	1	1
CHCHD1	1.35907183935184	1	1	1	1	1.29629256895612	1.49076125310004	1	1	1	1	1	1	1	1	1	1	1	1	1	1	1	1	1	1	1	1	1	1	1	1	1	1.31604961665022	1	1	1	0.665659205328003	1	1	1	1	1.31426994031821	1	1	1	1	1	1	1	1
VCL	1.37945234073359	1	1	1	1	1.28718641777894	1.48148933893322	1	1.23961411976688	1	1	1	1	1	1	1	1	1	1	1	1	1	1	1	1	1	1	1	1	1	1	1	1.32051831049885	1	1	1.2604842929304	0.69032724789141	1	1	1	1	1.3545659936812	1	1	1	1	1	1	1	1
COMTD1	1.38375322697461	1	1	1	1	1.27270904082144	1.45349995130044	1	1.27399623068503	1	1	1	1	1	1	1	1	1	1	1	1	1	1	1	1	1	1	1	1	1	1	1	1.31304893180019	1	1	1.28972764401414	0.704985073632841	1	1	1	1	1.38022200295753	1	1	1	1	1	1	1	1
PPIF	1.37918923993629	1	1	1	1	1.25770847051291	1.43426471143638	1	1.28646330127291	1	1	1	1	1	1	1	1	1	1	1	1	1	1	1	1	1	1	1	1	1	1	1	1.29981860394383	1	1	1.29837116655275	0.710878792336163	1	1	1	1	1.39333028620852	1	1	1	1	0.740569151171002	1	1	1
FAM213A	1.36963680656804	1	1	1	1	1	1.41117118588663	1	1.295352346169	1	1	1	1	1	1	1	1	1	1	1	1	1	1	1	1	1	1	1	1	1	1	1	1.28066763626713	1	1	1.30557949497155	0.720738404445498	1	1	1	1	1.40354722451656	1	1	1	1	0.722805968547046	1	1	1
TSPAN14	1.36266396901565	1	1	1	1	1	1.39932957421084	1	1.29751056722607	1	1	1	1	1	1	1	1	1	1	1	1	1	1	1	1.23701496590109	1	1	1	1	1	1	1	1.26942968299113	1	1	1.30901969962754	0.726801441536107	1	1	1	1	1.40877747830158	1	1	1	1	0.71432411845573	1	1	1
ADIRF	1.3499857225199	1	1	1	1	1	1.37431093552384	1	1.3004969538197	1	1	1	1	1	1	1	1	1	1	1	1	1	1	1	1.24406035386275	1	1	1	1	1	1	1	1.2516742459751	1	1	1.30967345093179	0.742196417025682	1.24887403108675	1	1	1	1.41927301127182	1	1	1	1	0.704841131448376	1	1	1
GLUD1	1.34204080615014	1	1	1	1	1	1.35907429478573	1	1.29929851958061	1	1	1	0.747488157918541	1	1	1	1	1	1	1	1	1	1	1	1.24570986782467	1	1	1	1	1	1	1	1.24023786476419	1	1	1.30664621806156	0.750712662607633	1.25512396541666	1	1	1	1.42226844371444	1	1	1	1	0.697842750960751	1	1	1
ATAD1	1.33282571968579	1	1	1	1	1	1.3413516185424	1	1.29736814227471	1	1	1	0.734208316785046	1	1	1	1	1	1	1	1	1	1	1	1.24850465295881	1	1	1	1	1	1	1	1	1	1	1.30205073004987	1	1.2571291496813	1	1	1	1.42596557217855	1	1	1	1	0.69184506576575	1	1	1
PTEN	1.32102418329917	1	1	1	1	1	1.3264788868425	1	1.2971159281359	1	1	1	0.721929923103811	1	1	1	1	1	1	1	1	1	1	1	1.25095207405583	1	1	1	1	1	1	1	1	1	1	1.2969135606532	1	1.25838059797731	1	1	1	1.42710396201127	1	1	1	1	0.685495809558488	1	1	1.23519497583458
ACTA2	1.30903212801647	1	1	1	1	1	1.3113704714197	1	1.29683448174265	1	1	1	0.707722625870077	1	1	1	1	1	1	1	1	1	1	1	1.25306137513623	1	1	1	1	1	1	1	1	1	1	1.29505333345923	1	1.25760145047379	1	1	1	1.42822679512078	1	1	1	1	0.67961644380437	1	1	1.23806757475299
LIPA	1	1	1	1	1	1	1	1	1	1	1	1	1	1	1	1	1	1	1	1	1	1	1	1	1	1	1	1	1	1	1	1	1	1	1	1	1	1	1	1	1	1	1	1	1	1	1	1	1	1
IFIT3	1	1	1	1	1	1	1	1	1	1	1	1	1	1	1	1	1	1	1	1	1	1	1	1	1	1	1	1	1	1	1	1	1	1	1	1	1	1	1	1	1	1	1	1	1	1	1	1	1	1
MYOF	1	1	1	1	1	1	1	1	1	1	1	1	1	1	1	1	1	1	1	1	1	1	1	1	1	1	1	1	1	1	1	1	1	1	1	1	1	1	1	1	1	1	1	1	1	1	1	1	1	1
ALDH18A1	1	1	1	1	1	1	1	1	1	1	1	1	1	1	1	1	1	1	1	1	1	1	1	1	1	1	1	1	1	1	1	1	1	1	1	1	1	1	1	1	1	1	1	1	1	1	1	1	1	1
TCTN3	1	1	1	1	1	1	1	1	1	1	1	1	1	1	1	1	1	1	1	1	1	1	1	1	1	1	1	1	1	1	1	1	1	1	1	1	1	1	1	1	1	1	1	1	1	1	1	1	1	1
ENTPD1	1	1	1	1	1	1	1	1	1	1	1	1	1	1	1	1	1	1	1	1	1	1	1	1	1	1	1	1	1	1	1	1	1	1	1	1	1	1	1	1	1	1	1	1	1	1	1	1	1	1
TM9SF3	1	1	1	1	1	1	1	1	1	1	1	1	1	1	1	1	1	1	1	1	1	1	1	1	1	1	1	1	1	1	1	1	1	1	1	1	1	1	1	1	1	1	1	1	1	1	1	1	1	1
RPL13AP5	1	1	1	1	1	1	1	1	1	1	1	1	1	1	1	1	1	1	1	1	1	1	1	1	1	1	1	1	1	1	1	1	1	1	1	1	1	1	1	1	1	1	1	1	1	1	1	1	1	1
PGAM1	1	1	1	1	1	1	1	1	1	1	1	1	1	1	1	1	1	1	1	1	1	1	1	1	1	1	1	1	1	1	1	1	1	1	1	1	1	1	1	1	1	1	1	1	1	1	1	1	1	1
HPS1	1	1	1	1	1	1	1	1	1	1	1	1	1	1	1	1	1	1	1	1	1	1	1	1	1	1	1	1	1	1	1	1	1	1	1	1	1	1	1	1	1	1	1	1	1	1	1	1	1	1
BLOC1S2	1	1	1	1	1	1	1	1	1	1	1	1	1	1	1	1	1	1	1	1	1	1	1	1	1	1	1	1	1	1	1	1	1	1	1	1	1	1	1	1	1	1	1	1	1	1	1	1	1	1
NDUFB8	1	1	1	1	1	1	1	1	1	1	1	1	1	1	1	1	1	1	1	1	1	1	1	1	1	1	1	1	1	1	1	1	1	1	1	1	1	1	1	1	1	1	1	1	1	1	1	1	1	1
MRPL43	1	1	1	1	1	1	1	1	1	1	1	1	1	1	1	1	1	1	1	1	1	1	1	1	1	1	1	1	1	1	1	1	1	1	1	1	1	1	1	1	1	1	1	1	1	1	1	1	1	1
SFXN3	1	1	1	1	1	1	1	1	1	1	1	1	1	1	1	1	1	1	1	1	1	1	1	1	1	1	1	1	1	1	1	1	1	1	1	1	1	1	1	1	1	1	1	1	1	1	1	1	1	1
NOLC1	1	1	1	1	1	1	1	1	1	1	1	1	1	1	1	1	1	1	1	1	1	1	1	1	1	1	1	1	1	1	1	1	1	1	1	1	1	1	1	1	1	1	1	1	1	1	1	1	1	1
ACTR1A	1	1	1	1	1	1	1	1	1	1	1	1	1	1	1	1	1	1	1	1	1	1	1	1	1	1	1	1	1	1	1	1	1	1	1	1	1	1	1	1	1	1	1	1	1	1	1	1	1	1
C10orf32	1	1	1	1	1	1	1	1	1	1	1	1	1	1	1	1	1	1	1	1	1	1	1	1	1	1	1	1	1	1	1	1	1	1	1	1	1	1	1	1	1	1	1	1	1	1	1	1	1	1
USMG5	1	1	1	1	1	1	1	1	1	1	1	1	1	1	1	1	1	1	1	1	1	1	1	1	1	1	1	1	1	1	1	1	1	1	1	1	1	1	1	1	1	1	1	1	1	1	1	1	1	1
GSTO1	1	1	1	1	1	1	1	1	1	1	1	1	1	1	1	1	1	1	1	1	1	1	1	1	1	1	1	1	1	1	1	1	1	1	1	1	1	1	1	1	1	1	1	1	1	1	1	1	1	1
XPNPEP1	1	1	1	1	1	1	1	1	1	1	1	1	1	1	1	1	1	1	1	1	1	1	1	1	1	1	1	1	1	1	1	1	1	1	1	1	1	1	1	1	1	1	1	1	1	1	1	1	1	1
ADD3	1	1	1	1	1	1	1	1	1	1	1	1	1	1	1	1	1	1	1	1	1	1	1	1	1	1	1	1	1	1	1	1	1	1	1	1	1	1	1	1	1	1	1	1	1	1	1	1	1	1
SMC3	1	1	1	1	1	1	1	1	1	1	1	1	1	1	1	1	1	1	1	1	1	1	1	1	1	1	1	1	1	1	1	1	1	1	1	1	1	1	1	1	1	1	1	1	1	1	1	1	1	1
ACSL5	1	1	1	1	1	1	1	1	1	1	1	1	1	1	1	1	1	1	1	1	1	1	1	1	1	1	1	1	1	1	1	1	1	1	1	1	1	1	1	1	1	1	1	1	1	1	1	1	1	1
FAM204A	1	1	1	1	1	1	1	1	1	1	1	1	1	1	1	1	1	1	1	1	1	1	1	1	1	1	1	1	1	1	1	1	1	1	1	1	1	1	1	1	1	1	1	1	1	1	1	1	1	1
PRDX3	1	1	1	1	1	1	1	1	1	1	1	1	1	1	1	1	1	1	1	1	1	1	1	1	1	1	1	1	1	1	1	1	1	1	1	1	1	1	1	1	1	1	1	1	1	1	1	1	1	1
RGS10	1	1	1	1	1	1	1	1	1	1	1	1	1	1	1	1	1	1	1	1	1	1	1	1	1	1	1	1	1	1	1	1	1	1	1	1	1	1	1	1	1	1	1	1	1	1	1	1	1	1
BAG3	1	1	1	1	1	1	1	1	1	1	1	1	1	1	1	1	1	1	1	1	1	1	1	1	1	1	1	1	1	1	1	1	1	1	1	1	1	1	1	1	1	1	1	1	1	1	1	1	1	1
PLEKHA1	1	1	1	1	1	1	1	1	1	1	1	1	1	1	1	1	1	1	1	1	1	1	1	1	1	1	1	1	1	1	1	1	1	1	1	1	1	1	1	1	1	1	1	1	1	1	1	1	1	1
HTRA1	1	1	1	1	1	1	1	1	1	1	1	1	1	1	1	1	1	1	1	1	1	1	1	1	1	1	1	1	1	1	1	1	1	1	1	1	1	1	1	1	1	1	1	1	1	1	1	1	1	1
UROS	1	1	1	1	1	1	1	1	1	1	1	1	1	1	1	1	1	1	1	1	1	1	1	1	1	1	1	1	1	1	1	1	1	1	1	1	1	1	1	1	1	1	1	1	1	1	1	1	1	1
BCCIP	1	1	1	1	1	1	1	1	1	1	1	1	1	1	1	1	1	1	1	1	1	1	1	1	1	1	1	1	1	1	1	1	1	1	1	1	1	1	1	1	1	1	1	1	1	1	1	1	1	1
MGMT	1	1	1	1	1	1	1	1	1	1	1	1	1	1	1	1	1	1	1	1	1	1	1	1	1	1	1	1	1	1	1	1	1	1	1	1	1	1	1	1	1	1	1	1	1	1	1	1	1	1
GLRX3	1	1	1	1	1	1	1	1	1	1	1	1	1	1	1	1	1	1	1	1	1	1	1	1	1	1	1	1	1	1	1	1	1	1	1	1	1	1	1	1	1	1	1	1	1	1	1	1	1	1
BNIP3	1	1	1	1	1	1	1	1	1	1	1	1	1	1	1	1	1	1	1	1	1	1	1	1	1	1	1	1	1	1	1	1	1	1	1	1	1	1	1	1	1	1	1	1	1	1	1	1	1	1
ZNF511	1	1	1	1	1	1	1	1	1	1	1	1	1	1	1	1	1	1	1	1	1	1	1	1	1	1	1	1	1	1	1	1	1	1	1	1	1	1	1	1	1	1	1	1	1	1	1	1	1	1
MTG1	1	1	1	1	1	1	1	1	1	1	1	1	1	1	1	1	1	1	1	1	1	1	1	1	1	1	1	1	1	1	1	1	1	1	1	1	1	1	1	1	1	1	1	1	1	1	1	1	1	1
TEKT4P2	1	1.25406456649508	1.37202911935735	1.66714715320632	1.29362697250577	1	1.3417881231356	1	1.4177426820495	1.53172318654475	1	1	1	1.53783051889952	0.144620411996684	1	1	1.57099825112427	1.50026745840593	1	1	1	1.4186465901983	1.41973456950835	1	1	1	1	1.49671296056526	1	1	1	1	1.50944322953875	1	1.52031348962284	1	1.41508519092428	1	1	1	1	1	1.39006767748643	1	1	1	1.25401511447508	1	1
CXADR	1	1.24034509114961	1.36981486536581	1.6587719286178	1.29261548429629	1	1.34421446804625	1	1.41105615050507	1.52483282480737	1	1	1	1.52893490331705	0.138572608052631	1	1	1.56946640571324	1.50045821877583	1	1	1	1.41689199939937	1.42021744385692	1	1	1	1	1.49243562639417	1	1	1	1	1.50128636065778	1	1.51947047435563	1	1.41202965929733	1	1	1	1	1	1.38813240832346	1	1	1	1.24969312422776	1	1
BTG3	1	1	1.36245748684703	1.65341510491146	1.28649806774506	1	1.34191621134907	1	1.40053661351579	1.52092005382844	1	1	1	1.51686944862183	0.128627072893627	1	1	1.56384988675441	1.49675059940703	1	1	1	1.41078478925736	1.41682116627649	1	1	1	1	1.48546336696697	1	1	1	1	1.49093002391758	1	1.51421693000326	1	1.40320902040578	1	1	1	1	1	1.3814101048049	1	1	1	1.23940096824849	1	1
MRPL39	1	1	1.35785713858406	1.64789305031313	1.28308360274589	1	1.3394402528499	1	1.38692454702419	1.52069029706064	1	1	1	1.50610861533885	0.12079787572657	1	1	1.56221914679221	1.48991600064737	1	1	1	1.40448944834454	1.41031042259172	1	1	1	1	1.47646386110967	1	1	1	1	1.47868573132637	1	1.50536079519245	1	1.38989759962359	1	1	1	1	1	1.37779871901194	1	1	1	1	1	1
ATP5J	1	1	1.34868435812389	1.63930704932675	1.28195321661419	1	1.33981394837292	1	1.37709915181643	1.52366651192614	1	1	1	1.49259359729095	0.114712717565215	1	1	1.55693575718811	1.48697376426481	1	1	1	1.40142848207099	1.40066315016544	1	1	1	1	1.46631586997161	1	1	1	1	1.46442166320403	1	1.49996425416988	1	1.37179064266424	1	1	1	1	1	1.36992486002899	1	1	1	1	1	1
APP	1	1	1.34589051566365	1.63194296664633	1.2801664592442	1	1.34679465153106	1	1.36884101738221	1.52831193996715	1	1	1	1.48047895327269	0.108723635596829	1	1	1.55228292467039	1.48477642378951	1	1	1	1.39853560173761	1.39201457651783	1	1	1	1	1.45809215163447	1	1	1	1	1.45222124707802	1	1.49488893097555	1	1.3530949581901	1	1	1	1	1	1.36198468869154	1	1	1	1	1	1
CCT8	1	1	1.34083084029071	1.62665979714591	1.28271364323048	1	1.35178137498958	1	1.35950163969791	1.53135739101318	1	1	1	1.46797140123459	0.106186404195625	1	1	1.54652810921278	1.48346873328332	1	1	1	1.39415356901166	1.38263483044094	1	1	1	1	1.44999013634521	1	1	1	1	1.44025607190491	1	1.48843425974539	1	1.33877846612026	1	1	1	1	1	1.35232495803644	1	1	1	1	1	1
SOD1	1	1	1.33327257470316	1.62035339386078	1.28258435212652	1	1.3545583184359	1	1.34876697763911	1.53255067438662	1	1	1	1.45469977934774	0.101063560433438	1	1	1.53936068946942	1.48082764714211	1	1	1	1.38800622923918	1.37218849121076	1	1	1	1	1.44162725928849	1	1	1	1	1.42812201181026	0.746808509496504	1.48030576732388	1	1.32168183474376	1	1	1	1	1	1.34066739241029	1	1	1	1	1	1
C21orf59	1	1	1	1	1	1	1	1	1	1	1	1	1	1	1	1	1	1	1	1	1	1	1	1	1	1	1	1	1	1	1	1	1	1	1	1	1	1	1	1	1	1	1	1	1	1	1	1	1	1
IL10RB	1	1	1	1	1	1	1	1	1	1	1	1	1	1	1	1	1	1	1	1	1	1	1	1	1	1	1	1	1	1	1	1	1	1	1	1	1	1	1	1	1	1	1	1	1	1	1	1	1	1
IFNAR1	1	1	1	1	1	1	1	1	1	1	1	1	1	1	1	1	1	1	1	1	1	1	1	1	1	1	1	1	1	1	1	1	1	1	1	1	1	1	1	1	1	1	1	1	1	1	1	1	1	1
IFNGR2	1	1	1	1	1	1	1	1	1	1	1	1	1	1	1	1	1	1	1	1	1	1	1	1	1	1	1	1	1	1	1	1	1	1	1	1	1	1	1	1	1	1	1	1	1	1	1	1	1	1
TMEM50B	1	1	1	1	1	1	1	1	1	1	1	1	1	1	1	1	1	1	1	1	1	1	1	1	1	1	1	1	1	1	1	1	1	1	1	1	1	1	1	1	1	1	1	1	1	1	1	1	1	1
GART	1	1	1	1	1	1	1	1	1	1	1	1	1	1	1	1	1	1	1	1	1	1	1	1	1	1	1	1	1	1	1	1	1	1	1	1	1	1	1	1	1	1	1	1	1	1	1	1	1	1
SON	1	1	1	1	1	1	1	1	1	1	1	1	1	1	1	1	1	1	1	1	1	1	1	1	1	1	1	1	1	1	1	1	1	1	1	1	1	1	1	1	1	1	1	1	1	1	1	1	1	1
CRYZL1	1	1	1	1	1	1	1	1	1	1	1	1	1	1	1	1	1	1	1	1	1	1	1	1	1	1	1	1	1	1	1	1	1	1	1	1	1	1	1	1	1	1	1	1	1	1	1	1	1	1
ATP5O	1	1	1	1	1	1	1	1	1	1	1	1	1	1	1	1	1	1	1	1	1	1	1	1	1	1	1	1	1	1	1	1	1	1	1	1	1	1	1	1	1	1	1	1	1	1	1	1	1	1
MRPS6	1	1	1	1	1	1	1	1	1	1	1	1	1	1	1	1	1	1	1	1	1	1	1	1	1	1	1	1	1	1	1	1	1	1	1	1	1	1	1	1	1	1	1	1	1	1	1	1	1	1
CBR1	1	1	1	1	1	1	1	1	1	1	1	1	1	1	1	1	1	1	1	1	1	1	1	1	1	1	1	1	1	1	1	1	1	1	1	1	1	1	1	1	1	1	1	1	1	1	1	1	1	1
TTC3	1	1	1	1	1	1	1	1	1	1	1	1	1	1	1	1	1	1	1	1	1	1	1	1	1	1	1	1	1	1	1	1	1	1	1	1	1	1	1	1	1	1	1	1	1	1	1	1	1	1
DSCR3	1	1	1	1	1	1	1	1	1	1	1	1	1	1	1	1	1	1	1	1	1	1	1	1	1	1	1	1	1	1	1	1	1	1	1	1	1	1	1	1	1	1	1	1	1	1	1	1	1	1
ETS2	1	1	1	1	1	1	1	1	1	1	1	1	1	1	1	1	1	1	1	1	1	1	1	1	1	1	1	1	1	1	1	1	1	1	1	1	1	1	1	1	1	1	1	1	1	1	1	1	1	1
PSMG1	1	1	1	1	1	1	1	1	1	1	1	1	1	1	1	1	1	1	1	1	1	1	1	1	1	1	1	1	1	1	1	1	1	1	1	1	1	1	1	1	1	1	1	1	1	1	1	1	1	1
HMGN1	1	1	1	1	1	1	1	1	1	1	1	1	1	1	1	1	1	1	1	1	1	1	1	1	1	1	1	1	1	1	1	1	1	1	1	1	1	1	1	1	1	1	1	1	1	1	1	1	1	1
MX1	1	1	1	1	1	1	1	1	1	1	1	1	1	1	1	1	1	1	1	1	1	1	1	1	1	1	1	1	1	1	1	1	1	1	1	1	1	1	1	1	1	1	1	1	1	1	1	1	1	1
NDUFV3	1	1	1	1	1	1	1	1	1	1	1	1	1	1	1	1	1	1	1	1	1	1	1	1	1	1	1	1	1	1	1	1	1	1	1	1	1	1	1	1	1	1	1	1	1	1	1	1	1	1
U2AF1	1	1	1	1	1	1	1	1	1	1	1	1	1	1	1	1	1	1	1	1	1	1	1	1	1	1	1	1	1	1	1	1	1	1	1	1	1	1	1	1	1	1	1	1	1	1	1	1	1	1
CSTB	1	1	1	1	1	1	1	1	1	1	1	1	1	1	1	1	1	1	1	1	1	1	1	1	1	1	1	1	1	1	1	1	1	1	1	1	1	1	1	1	1	1	1	1	1	1	1	1	1	1
C21orf33	1	1	1	1	1	1	1	1	1	1	1	1	1	1	1	1	1	1	1	1	1	1	1	1	1	1	1	1	1	1	1	1	1	1	1	1	1	1	1	1	1	1	1	1	1	1	1	1	1	1
PFKL	1	1	1	1	1	1	1	1	1	1	1	1	1	1	1	1	1	1	1	1	1	1	1	1	1	1	1	1	1	1	1	1	1	1	1	1	1	1	1	1	1	1	1	1	1	1	1	1	1	1
UBE2G2	1	0.663826311100897	1	1.35102591174357	1	1	1.33898956714076	1	1.25157714200056	1.39688669661966	1	1	1	1.23604828245793	0.0469772427374875	1	1	1.24577027612318	1.27359777352532	1	0.713881529876225	1	1	1	1	1	0.712056765943068	1	1	1	1	1	1	1	0.614651886294078	1.25575796425	1	1	0.595841929491037	1	1	1	1	1	1	1	1	1	1	1
SUMO3	1	0.646608954219878	1	1.33664412482817	1	1	1.32532137116479	1	1.24196595723075	1.38044061733553	1	1	1	1	0.0391203276621714	1	1	1	1.26103781907708	1	0.69965923846371	1	1	1	1	1	0.692819505816847	1	1	1	1	1	0.741948488074091	1	0.605813441037673	1.24212222992429	1	1	0.582794457191288	1	1	1	1	1	1	1	1	1	0.738863766077856	1
PTTG1IP	1	0.633164297255036	1	1.32101632077819	1	1	1.30987954339269	1	1	1.36229894407031	1	1	0.746946860634661	1	0.0288549687178731	1	1	1	1.24719198853934	1	0.683327006285325	1	1	1	1	1	0.672478506114135	1	1	1	1	1	0.729585701919997	1	0.59535002619231	1	1	1	0.568475721463934	1	1	1	1	1	1	1	1	1	0.71983215812111	1
ITGB2	1	0.619273299881967	1	1.30446282799104	1	1	1.29295618168966	1	1	1.34275096803382	1	1	0.736090045581812	1	0.0222825453782101	0.737485458754477	1	1	1	1	0.671769145203426	1	1	1	1	1	0.650944092658885	1	1	1	1	1	0.715968936847696	1	0.583552564621583	1	1	1	0.553178441311172	1	0.746874683247059	1	1	1	1	1	1	1	0.705973963551425	1
COL6A1	1	0.607625054333862	1	1.29174931216565	1	1	1.27927271367907	1	1	1.3265492293974	1	1	0.727004700782782	1	0.017709506500015	0.724790692688361	1	1	1	1	0.663088645883779	1	1	1	1	0.746933174453835	0.63265028241273	1	1	1	1	1	0.705645303192317	1	0.574866286805373	1	1	1	0.541327387282212	1	0.732812778744983	1	1	1	1	0.74577738667469	1	1	0.69538721190342	1
COL6A2	1	0.597972001646014	1	1.28270857804192	1	1	1.26861575463269	1	1	1.31346785082965	1	1	0.719419728582757	1	0.0149488958144673	0.715640340393023	1	1	1	1	0.65709702367722	1	1	1	1	0.739748766472668	0.617370222536871	1	1	1	1	1	0.698441632504963	1	0.569123865586278	1	1	1	0.532758518250414	1	0.720270043708985	1	1	1	1	0.739335256939741	1	1	0.681559941525435	1
PRMT2	1	0.591155785658324	1	1.27836195050136	1	1	1.26194425467583	1	1	1.30446196364713	1	0.750402459293269	0.71416767233209	1	0.014795843364186	0.711012709508121	1	1	1	1	0.654330041355482	1	1	1	1	0.7369011674091	0.605985856980755	1	1	1	1	1	0.695315171785652	1	0.567262025894953	1	1	1	0.528410158052918	1	0.710050275507206	1	1	1	1	0.737245498860674	1	1	0.671432188342672	1
